6.12323399574e-17	-1.0	1.22464679915e-16	-2.0
[ 0.00170732]	[-0.99999854]	[-0.00097561]	[-1.99999494]
[ 0.00512193]	[-0.99998688]	[-0.00292676]	[-1.99995449]
[ 0.01020666]	[-0.99994791]	[-0.00584906]	[-1.99981901]
[ 0.01688688]	[-0.99985741]	[-0.00973334]	[-1.99950303]
[ 0.02505078]	[-0.99968618]	[-0.01456509]	[-1.99890116]
[ 0.03455048]	[-0.99940295]	[-0.02032382]	[-1.99789622]
[ 0.04520391]	[-0.99897778]	[-0.02698242]	[-1.99636894]
[ 0.05679776]	[-0.9983857]	[-0.03450684]	[-1.99420872]
[ 0.06909153]	[-0.99761033]	[-0.04285603]	[-1.99132444]
[ 0.08182259]	[-0.99664691]	[-0.05198236]	[-1.9876546]
[ 0.09471236]	[-0.99550468]	[-0.06183248]	[-1.98317553]
[ 0.10747316]	[-0.99420799]	[-0.07234854]	[-1.97790721]
[ 0.1198155]	[-0.99279618]	[-0.08346975]	[-1.97191573]
[ 0.1314555]	[-0.99132207]	[-0.09513392]	[-1.96531244]
[ 0.14047333]	[-0.99008446]	[-0.10637842]	[-1.95913772]
[ 0.14664248]	[-0.98918956]	[-0.1171768]	[-1.95376169]
[ 0.14979034]	[-0.98871778]	[-0.12750278]	[-1.94950315]
[ 0.14979774]	[-0.98871666]	[-0.13732494]	[-1.94661048]
[ 0.14659819]	[-0.98919612]	[-0.14660158]	[-1.94524732]
[ 0.14017746]	[-0.9901264]	[-0.15527635]	[-1.94548342]
[ 0.13057394]	[-0.99143857]	[-0.16327503]	[-1.94729044]
[ 0.11787981]	[-0.99302787]	[-0.17050394]	[-1.95054279]
[ 0.1022431]	[-0.99475944]	[-0.17685024]	[-1.95502342]
[ 0.08387012]	[-0.99647669]	[-0.18218432]	[-1.9604347]
[ 0.06302783]	[-0.99801177]	[-0.18636434]	[-1.96641434]
[ 0.04004538]	[-0.99919786]	[-0.18924263]	[-1.97255649]
[ 0.01531386]	[-0.99988274]	[-0.19067373]	[-1.97843734]
[-0.0107165]	[-0.99994258]	[-0.19052319]	[-1.98364454]
[-0.03585646]	[-0.99935695]	[-0.18961727]	[-1.98746505]
[-0.05955061]	[-0.99822529]	[-0.18790916]	[-1.98995312]
[-0.08126423]	[-0.99669259]	[-0.18537184]	[-1.99125863]
[-0.10049881]	[-0.99493718]	[-0.1819958]	[-1.99161077]
[-0.11680497]	[-0.99315487]	[-0.17778604]	[-1.99129379]
[-0.12979203]	[-0.99154124]	[-0.1727589]	[-1.99061774]
[-0.13913418]	[-0.99027354]	[-0.16693947]	[-1.9898869]
[-0.14457375]	[-0.98949403]	[-0.16035986]	[-1.98936942]
[-0.14592274]	[-0.98929599]	[-0.15305855]	[-1.98927053]
[-0.14306346]	[-0.98971352]	[-0.14508085]	[-1.98971148]
[-0.13594957]	[-0.99071576]	[-0.13648019]	[-1.99071562]
[-0.12460811]	[-0.99220604]	[-0.12732003]	[-1.99220236]
[-0.10914279]	[-0.99402608]	[-0.11767584]	[-1.99398967]
[-0.08973832]	[-0.99596538]	[-0.10763697]	[-1.99580518]
[-0.06666487]	[-0.99777542]	[-0.09730778]	[-1.99730582]
[-0.04028155]	[-0.99918837]	[-0.08680798]	[-1.99810543]
[-0.01103711]	[-0.99993909]	[-0.07627184]	[-1.99780904]
[ 0.02053349]	[-0.99978917]	[-0.0658464]	[-1.99605144]
[ 0.05381823]	[-0.99855075]	[-0.05568885]	[-1.99253676]
[ 0.08814337]	[-0.9961078]	[-0.04596325]	[-1.98707471]
[ 0.12279454]	[-0.99243211]	[-0.03683709]	[-1.97960877]
[ 0.15537561]	[-0.98785546]	[-0.02753164]	[-1.97098564]
[ 0.18522023]	[-0.98269704]	[-0.01822812]	[-1.96178272]
[ 0.21174286]	[-0.97732541]	[-0.00910431]	[-1.95263384]
[ 0.23444606]	[-0.97212913]	[-0.00032919]	[-1.94417881]
[ 0.25292041]	[-0.96748709]	[ 0.00794168]	[-1.93701554]
[ 0.26683908]	[-0.9637411]	[ 0.01556986]	[-1.93165834]
[ 0.27594954]	[-0.96117212]	[ 0.02243667]	[-1.92850414]
[ 0.280065]	[-0.95998104]	[ 0.02844475]	[-1.92780708]
[ 0.27905768]	[-0.96027434]	[ 0.03351888]	[-1.9296611]
[ 0.27285557]	[-0.96205501]	[ 0.03760634]	[-1.93399009]
[ 0.26144377]	[-0.96521871]	[ 0.04067689]	[-1.94054531]
[ 0.24487093]	[-0.96955569]	[ 0.04272262]	[-1.94891061]
[ 0.22326034]	[-0.97475885]	[ 0.04375749]	[-1.95851631]
[ 0.19682486]	[-0.98043866]	[ 0.04381637]	[-1.96866354]
[ 0.1658837]	[-0.98614532]	[ 0.04295352]	[-1.97856064]
[ 0.13087825]	[-0.99139845]	[ 0.04124031]	[-1.98737286]
[ 0.09238325]	[-0.99572352]	[ 0.03876245]	[-1.99428489]
[ 0.05110934]	[-0.99869306]	[ 0.03561722]	[-1.99857305]
[ 0.00789309]	[-0.99996885]	[ 0.03191113]	[-1.99968037]
[-0.03632749]	[-0.99933994]	[ 0.02775881]	[-1.9972843]
[-0.08055146]	[-0.99675045]	[ 0.02328307]	[-1.99134504]
[-0.12376318]	[-0.99231178]	[ 0.01861575]	[-1.98212401]
[-0.16498312]	[-0.98629639]	[ 0.01389845]	[-1.970167]
[-0.20331308]	[-0.97911378]	[ 0.00928199]	[-1.95625417]
[-0.23796878]	[-0.97127281]	[ 0.00492398]	[-1.94132595]
[-0.2682965]	[-0.96333638]	[ 0.00098427]	[-1.9263981]
[-0.29377401]	[-0.9558749]	[-0.00238076]	[-1.91247826]
[-0.31399923]	[-0.94942324]	[-0.00502453]	[-1.9004935]
[-0.32867174]	[-0.94444422]	[-0.00681612]	[-1.89123298]
[-0.33757202]	[-0.9412997]	[-0.00764534]	[-1.88530626]
[-0.34054264]	[-0.94022907]	[-0.0074271]	[-1.88311509]
[-0.33747461]	[-0.94133463]	[-0.00610523]	[-1.88483573]
[-0.32830081]	[-0.94457323]	[-0.00365612]	[-1.89040927]
[-0.31299754]	[-0.94975394]	[ -9.24533023e-05]	[-1.89953834]
[-0.29159465]	[-0.95654198]	[ 0.00453342]	[-1.91169022]
[-0.26419376]	[-0.96446963]	[ 0.01012694]	[-1.92610789]
[-0.23099316]	[-0.97295537]	[ 0.01655075]	[-1.94183205]
[-0.19231741]	[-0.98133277]	[ 0.02362719]	[-1.95773839]
[-0.14864755]	[-0.98889024]	[ 0.03114477]	[-1.97259483]
[-0.10064683]	[-0.99492222]	[ 0.03886895]	[-1.98514206]
[-0.049175]	[-0.99879018]	[ 0.0465563]	[-1.99419739]
[ 0.00471656]	[-0.99998888]	[ 0.05396995]	[-1.99877519]
[ 0.0598149]	[-0.99820949]	[ 0.06089327]	[-1.9982089]
[ 0.11480246]	[-0.99338834]	[ 0.06713854]	[-1.99225177]
[ 0.1683355]	[-0.98572976]	[ 0.07254884]	[-1.98113165]
[ 0.21913059]	[-0.97569554]	[ 0.07699348]	[-1.96554252]
[ 0.26604189]	[-0.96396147]	[ 0.08035969]	[-1.94657132]
[ 0.30811397]	[-0.95134945]	[ 0.082544]	[-1.92557642]
[ 0.34460242]	[-0.93874873]	[ 0.08344609]	[-1.90404525]
[ 0.37496435]	[-0.92703923]	[ 0.0829662]	[-1.88345812]
[ 0.39882709]	[-0.91702615]	[ 0.08100541]	[-1.86517665]
[ 0.41594623]	[-0.90938921]	[ 0.07746796]	[-1.85036342]
[ 0.42616282]	[-0.90464648]	[ 0.07226459]	[-1.83993042]
[ 0.42936685]	[-0.90313017]	[ 0.06531708]	[-1.83450967]
[ 0.42547154]	[-0.9049718]	[ 0.05656439]	[-1.83443806]
[ 0.41440054]	[-0.9100946]	[ 0.0459711]	[-1.83975032]
[ 0.39608908]	[-0.91821209]	[ 0.03353855]	[-1.85017621]
[ 0.37049884]	[-0.92883293]	[ 0.01931827]	[-1.86514068]
[ 0.33764592]	[-0.9412732]	[ 0.00342643]	[-1.88376847]
[ 0.29764005]	[-0.95467817]	[-0.01394315]	[-1.90489704]
[ 0.25073273]	[-0.96805635]	[-0.03251052]	[-1.92710445]
[ 0.19736979]	[-0.98032911]	[-0.05190909]	[-1.94876085]
[ 0.13824191]	[-0.99039849]	[-0.07169629]	[-1.96811315]
[ 0.0743232]	[-0.99723421]	[-0.09137662]	[-1.98341044]
[ 0.00688504]	[-0.9999763]	[-0.11043591]	[-1.99307035]
[-0.06252896]	[-0.99804315]	[-0.12838177]	[-1.9958725]
[-0.13217649]	[-0.9912262]	[-0.14478183]	[-1.99114675]
[-0.2002366]	[-0.97974757]	[-0.15929087]	[-1.97890894]
[-0.26495696]	[-0.96426024]	[-0.17166034]	[-1.9598986]
[-0.32479461]	[-0.94578457]	[-0.18173015]	[-1.93549795]
[-0.37851549]	[-0.92559496]	[-0.1894087]	[-1.90755149]
[-0.42523246]	[-0.90508417]	[-0.19464923]	[-1.87813678]
[-0.46438337]	[-0.88563428]	[-0.19742878]	[-1.84934339]
[-0.49566718]	[-0.86851255]	[-0.19773206]	[-1.82309867]
[-0.51896108]	[-0.85479787]	[-0.19553975]	[-1.80105294]
[-0.53423796]	[-0.84533414]	[-0.19082019]	[-1.78451688]
[-0.54149667]	[-0.8407029]	[-0.18352429]	[-1.77443507]
[-0.54071124]	[-0.84120827]	[-0.17358483]	[-1.77137933]
[-0.53180193]	[-0.84686877]	[-0.16092172]	[-1.77554948]
[-0.51462856]	[-0.85741323]	[-0.14545486]	[-1.78677364]
[-0.48900589]	[-0.87228048]	[-0.12712526]	[-1.80450492]
[-0.45474018]	[-0.89062415]	[-0.1059235]	[-1.82781512]
[-0.41168551]	[-0.91132598]	[-0.08192281]	[-1.85538983]
[-0.35981768]	[-0.93302263]	[-0.05531221]	[-1.88553322]
[-0.29932179]	[-0.95415222]	[-0.02642322]	[-1.91619504]
[-0.230687]	[-0.97302801]	[ 0.00425703]	[-1.94503691]
[-0.15479727]	[-0.98794626]	[ 0.03609337]	[-1.96955757]
[-0.0729993]	[-0.99733199]	[ 0.06833522]	[-1.98729389]
[ 0.01287847]	[-0.99991707]	[ 0.1001735]	[-1.99609957]
[ 0.10058571]	[-0.9949284]	[ 0.13081341]	[-1.99447144]
[ 0.18760751]	[-0.98224407]	[ 0.15954714]	[-1.9818503]
[ 0.27140631]	[-0.96246486]	[ 0.18580752]	[-1.95879455]
[ 0.34969335]	[-0.93686422]	[ 0.20919]	[-1.92694442]
[ 0.42065008]	[-0.90722296]	[ 0.22944365]	[-1.88877281]
[ 0.48303747]	[-0.87559968]	[ 0.24644303]	[-1.84720818]
[ 0.53618119]	[-0.84410292]	[ 0.2601546]	[-1.80525292]
[ 0.57986589]	[-0.81471194]	[ 0.27060544]	[-1.76568932]
[ 0.61418771]	[-0.78915997]	[ 0.27785474]	[-1.73090311]
[ 0.63940468]	[-0.76887037]	[ 0.28196671]	[-1.70280725]
[ 0.6558076]	[-0.75492807]	[ 0.28298434]	[-1.68283044]
[ 0.66362014]	[-0.74806973]	[ 0.28090627]	[-1.67193665]
[ 0.66293046]	[-0.74868098]	[ 0.27567048]	[-1.67065154]
[ 0.65365391]	[-0.7567936]	[ 0.267149]	[-1.67908095]
[ 0.63552616]	[-0.77207934]	[ 0.25515719]	[-1.69691416]
[ 0.60812641]	[-0.7938402]	[ 0.23947933]	[-1.72340963]
[ 0.57093084]	[-0.82099816]	[ 0.2199102]	[-1.75736588]
[ 0.523396]	[-0.85208957]	[ 0.19630932]	[-1.79708391]
[ 0.46507191]	[-0.88527291]	[ 0.16866182]	[-1.84033367]
[ 0.39574299]	[-0.9183613]	[ 0.13713637]	[-1.88434402]
[ 0.31559197]	[-0.94889499]	[ 0.10212885]	[-1.92584612]
[ 0.22537429]	[-0.97427226]	[ 0.06427898]	[-1.96121111]
[ 0.126576]	[-0.99195691]	[ 0.02444943]	[-1.98672832]
[ 0.02150492]	[-0.99976874]	[-0.01633665]	[-1.99905249]
[-0.0867561]	[-0.99622958]	[-0.05699225]	[-1.99578654]
[-0.19459721]	[-0.98088324]	[-0.0964753]	[-1.97605764]
[-0.29832543]	[-0.95446422]	[-0.13387954]	[-1.94085032]
[-0.39468399]	[-0.91881693]	[-0.16848577]	[-1.89289822]
[-0.48125628]	[-0.87657994]	[-0.19977394]	[-1.83614635]
[-0.5566217]	[-0.83076608]	[-0.22741344]	[-1.77502342]
[-0.62027015]	[-0.78438826]	[-0.25124636]	[-1.71380821]
[-0.67237796]	[-0.740208]	[-0.27126571]	[-1.6562369]
[-0.71354979]	[-0.70060453]	[-0.28758327]	[-1.60534345]
[-0.74458608]	[-0.66752645]	[-0.30038419]	[-1.56345317]
[-0.76629542]	[-0.64248839]	[-0.30987121]	[-1.53225069]
[-0.77935172]	[-0.6265867]	[-0.31620609]	[-1.51286889]
[-0.78419176]	[-0.62051856]	[-0.31945731]	[-1.50596866]
[-0.78094901]	[-0.62459478]	[-0.31956261]	[-1.51179408]
[-0.76942223]	[-0.63874051]	[-0.31631318]	[-1.53019561]
[-0.74907863]	[-0.6624811]	[-0.30936396]	[-1.56061862]
[-0.71909284]	[-0.69491402]	[-0.29827175]	[-1.60205767]
[-0.67842342]	[-0.73467113]	[-0.28256012]	[-1.65298057]
[-0.62592961]	[-0.77987956]	[-0.26180622]	[-1.71123028]
[-0.56053101]	[-0.82813344]	[-0.23574017]	[-1.77391931]
[-0.4814136]	[-0.87649355]	[-0.20434311]	[-1.83734314]
[-0.38828419]	[-0.92153968]	[-0.16792589]	[-1.89695868]
[-0.28166771]	[-0.95951201]	[-0.12716848]	[-1.94750492]
[-0.16321734]	[-0.98659014]	[-0.08310202]	[-1.98337574]
[-0.03595227]	[-0.99935351]	[-0.03702541]	[-1.99935293]
[ 0.0957381]	[-0.99540656]	[ 0.00963224]	[-1.99169255]
[ 0.22650954]	[-0.97400895]	[ 0.05546575]	[-1.95927237]
[ 0.35092606]	[-0.93640317]	[ 0.09921448]	[-1.90420546]
[ 0.46446693]	[-0.88559046]	[ 0.13982501]	[-1.83142746]
[ 0.56419371]	[-0.82564245]	[ 0.17647796]	[-1.74742144]
[ 0.64883974]	[-0.76092509]	[ 0.20861329]	[-1.65881187]
[ 0.71848194]	[-0.69554561]	[ 0.23595702]	[-1.57142786]
[ 0.77408598]	[-0.63308048]	[ 0.25852667]	[-1.48993438]
[ 0.81710172]	[-0.57649352]	[ 0.27659687]	[-1.41783442]
[ 0.84915283]	[-0.5281472]	[ 0.2906248]	[-1.35763284]
[ 0.87180604]	[-0.48985123]	[ 0.30114806]	[-1.31103906]
[ 0.88639861]	[-0.46292279]	[ 0.30867319]	[-1.27915397]
[ 0.89391056]	[-0.44824538]	[ 0.31357201]	[-1.26262071]
[ 0.89487547]	[-0.44631592]	[ 0.31599954]	[-1.26173155]
[ 0.8893274]	[-0.457271]	[ 0.3158427]	[-1.27648727]
[ 0.8767835]	[-0.48088532]	[ 0.31270593]	[-1.30660712]
[ 0.85626342]	[-0.5165394]	[ 0.30593744]	[-1.35148929]
[ 0.82634841]	[-0.56315921]	[ 0.29469812]	[-1.41012318]
[ 0.78528391]	[-0.61913583]	[ 0.27807292]	[-1.48095774]
[ 0.73112986]	[-0.68223832]	[ 0.25521951]	[-1.56173212]
[ 0.66196264]	[-0.74953683]	[ 0.22554229]	[-1.64927973]
[ 0.57613348]	[-0.81735562]	[ 0.18887037]	[-1.73932487]
[ 0.47259185]	[-0.88128142]	[ 0.14560906]	[-1.82631172]
[ 0.35128699]	[-0.93626783]	[ 0.09682671]	[-1.90335106]
[ 0.21365047]	[-0.97691017]	[ 0.04423561]	[-1.962455]
[ 0.06309974]	[-0.99800723]	[-0.00996851]	[-1.99533417]
[-0.09466248]	[-0.99550942]	[-0.06341369]	[-1.99502106]
[-0.25199364]	[-0.96772889]	[-0.11393477]	[-1.95815292]
[-0.40066625]	[-0.91622408]	[-0.15986513]	[-1.88679856]
[-0.5338435]	[-0.8455833]	[-0.20008854]	[-1.78824317]
[-0.64748146]	[-0.7620812]	[-0.23391204]	[-1.67255379]
[-0.74041509]	[-0.67214991]	[-0.2609662]	[-1.54971971]
[-0.8135723]	[-0.58146377]	[-0.28121577]	[-1.42798402]
[-0.86908902]	[-0.49465571]	[-0.29500381]	[-1.31345127]
[-0.90966298]	[-0.41534716]	[-0.30304452]	[-1.21034028]
[-0.93813471]	[-0.3462705]	[-0.30634072]	[-1.12140684]
[-0.95720651]	[-0.28940578]	[-0.30604438]	[-1.04834444]
[-0.96923999]	[-0.24611754]	[-0.30329229]	[-0.99211598]
[-0.97610763]	[-0.21728756]	[-0.29904663]	[-0.95321446]
[-0.97908871]	[-0.20343374]	[-0.29396078]	[-0.9318565]
[-0.97880371]	[-0.20480061]	[-0.28828077]	[-0.9281111]
[-0.97518141]	[-0.22140737]	[-0.28178595]	[-0.94196461]
[-0.96745479]	[-0.25304393]	[-0.27377076]	[-0.97332337]
[-0.95418674]	[-0.29921172]	[-0.26307149]	[-1.02195629]
[-0.93333232]	[-0.35901363]	[-0.24814586]	[-1.08738135]
[-0.90234891]	[-0.43100631]	[-0.22721582]	[-1.16870226]
[-0.85836643]	[-0.51303711]	[-0.19848221]	[-1.2644044]
[-0.79842396]	[-0.60209566]	[-0.16041067]	[-1.37212101]
[-0.71976991]	[-0.6942127]	[-0.11207094]	[-1.48838017]
[-0.62021368]	[-0.78443291]	[-0.05348922]	[-1.6083403]
[-0.49851925]	[-0.86687863]	[ 0.01404849]	[-1.72552542]
[-0.35485254]	[-0.93492228]	[ 0.08781994]	[-1.83160566]
[-0.19132373]	[-0.98152699]	[ 0.16370852]	[-1.91638104]
[-0.01264245]	[-0.99992008]	[ 0.23657586]	[-1.96836741]
[ 0.17330855]	[-0.98486758]	[ 0.30108572]	[-1.97667048]
[ 0.3556775]	[-0.93460875]	[ 0.3529552]	[-1.93460504]
[ 0.52263199]	[-0.85255838]	[ 0.3901201]	[-1.8437398]
[ 0.66489066]	[-0.7469407]	[ 0.4128719]	[-1.71466305]
[ 0.77823938]	[-0.62796772]	[ 0.4228019]	[-1.56266778]
[ 0.86316451]	[-0.50492279]	[ 0.42170539]	[-1.40220416]
[ 0.92292805]	[-0.38497249]	[ 0.41124761]	[-1.24414833]
[ 0.96194341]	[-0.27324873]	[ 0.39309891]	[-1.09569382]
[ 0.98487491]	[-0.17326687]	[ 0.36908511]	[-0.96117735]
[ 0.9961821]	[-0.0872996]	[ 0.34119706]	[-0.84294143]
[ 0.99986099]	[-0.01667364]	[ 0.31148031]	[-0.74202324]
[ 0.9992788]	[ 0.03797216]	[ 0.28186814]	[-0.65867836]
[ 0.99707345]	[ 0.07644953]	[ 0.25401154]	[-0.59277315]
[ 0.99510623]	[ 0.0988109]	[ 0.22913713]	[-0.54406649]
[ 0.99445282]	[ 0.1051836]	[ 0.20794238]	[-0.51239338]
[ 0.99541383]	[ 0.09566245]	[ 0.19052404]	[-0.49776186]
[ 0.99752804]	[ 0.07026961]	[ 0.17633091]	[-0.50037501]
[ 0.99957982]	[ 0.02898593]	[ 0.16413483]	[-0.52058815]
[ 0.99960388]	[-0.02814388]	[ 0.15202218]	[-0.5588088]
[ 0.99490338]	[-0.10083282]	[ 0.13741973]	[-0.61534402]
[ 0.9821103]	[-0.18830655]	[ 0.11718143]	[-0.69020102]
[ 0.95732559]	[-0.2890116]	[ 0.08777357]	[-0.78285296]
[ 0.91637609]	[-0.40031844]	[ 0.04559753]	[-0.89199384]
[ 0.85520731]	[-0.51828608]	[-0.01252456]	[-1.01531867]
[ 0.77039229]	[-0.63757016]	[-0.08871379]	[-1.14936771]
[ 0.65968416]	[-0.75154295]	[-0.18331883]	[-1.28945182]
[ 0.52250263]	[-0.85263767]	[-0.29425095]	[-1.42962432]
[ 0.36026527]	[-0.9328499]	[-0.41652738]	[-1.56260635]
[ 0.17657451]	[-0.98428728]	[-0.5421606]	[-1.67957128]
[-0.02259212]	[-0.99974477]	[-0.66050723]	[-1.76985146]
[-0.22851724]	[-0.97353987]	[-0.75928102]	[-1.82105967]
[-0.42938127]	[-0.90312332]	[-0.82668005]	[-1.82081263]
[-0.61099237]	[-0.79163648]	[-0.85497237]	[-1.76141675]
[-0.76024467]	[-0.64963685]	[-0.84410914]	[-1.64611402]
[-0.8702826]	[-0.49255273]	[-0.80144891]	[-1.49018088]
[-0.9423072]	[-0.33474938]	[-0.73683178]	[-1.31341166]
[-0.98254328]	[-0.18603416]	[-0.65841379]	[-1.13204689]
[-0.99864774]	[-0.0519874]	[-0.57201284]	[-0.95641134]
[-0.99791052]	[ 0.06461115]	[-0.48198023]	[-0.79201943]
[-0.98667192]	[ 0.16272221]	[-0.39195899]	[-0.64121592]
[-0.97017472]	[ 0.24240669]	[-0.30522373]	[-0.5044803]
[-0.95254466]	[ 0.30439888]	[-0.22472641]	[-0.3813712]
[-0.93683389]	[ 0.34977458]	[-0.1529967]	[-0.27119181]
[-0.92511785]	[ 0.37968009]	[-0.09200348]	[-0.17342067]
[-0.9186281]	[ 0.39512329]	[-0.0430414]	[-0.08793771]
[-0.91789121]	[ 0.39683211]	[-0.00667032]	[-0.01508594]
[-0.92284212]	[ 0.38517844]	[ 0.0172935]	[ 0.04437787]
[-0.93289064]	[ 0.36015975]	[ 0.0297541]	[ 0.08939214]
[-0.94693287]	[ 0.3214314]	[ 0.03230611]	[ 0.1187222]
[-0.96331101]	[ 0.26838759]	[ 0.02722012]	[ 0.1310993]
[-0.97973521]	[ 0.20029706]	[ 0.01745379]	[ 0.1253698]
[-0.9931041]	[ 0.11723589]	[ 0.0067961]	[ 0.10310797]
[-0.99982069]	[ 0.0189365]	[-0.00083506]	[ 0.06396665]
[-0.9955555]	[-0.09417664]	[-0.00082083]	[ 0.00830715]
[-0.97537076]	[-0.22057171]	[ 0.01205639]	[-0.06249696]
[-0.93404183]	[-0.35716363]	[ 0.04335482]	[-0.14574987]
[-0.86663951]	[-0.49893483]	[ 0.09850047]	[-0.23720057]
[-0.76938723]	[-0.63878267]	[ 0.182076]	[-0.3310202]
[-0.64069972]	[-0.76779156]	[ 0.29692813]	[-0.42015091]
[-0.48215493]	[-0.87608597]	[ 0.44326624]	[-0.49714579]
[-0.29901783]	[-0.95424752]	[ 0.61802802]	[-0.55546574]
[-0.09994767]	[-0.99499269]	[ 0.81478981]	[-0.59094401]
[ 0.10422036]	[-0.99455423]	[ 1.02433181]	[-0.6028976]
[ 0.30315669]	[-0.95294072]	[ 1.23720093]	[-0.5957834]
[ 0.48690505]	[-0.87345491]	[ 1.44141362]	[-0.57527143]
[ 0.64778538]	[-0.76182288]	[ 1.62475309]	[-0.54843571]
[ 0.7805944]	[-0.6250379]	[ 1.77526372]	[-0.52192169]
[ 0.88226703]	[-0.47074928]	[ 1.88182379]	[-0.50051998]
[ 0.95161446]	[-0.30729453]	[ 1.93543118]	[-0.48647224]
[ 0.98959722]	[-0.14386573]	[ 1.93154078]	[-0.47963696]
[ 0.99994883]	[ 0.01011595]	[ 1.87246193]	[-0.47847478]
[ 0.98916702]	[ 0.14679442]	[ 1.76730362]	[-0.48130066]
[ 0.96518192]	[ 0.26157956]	[ 1.62843564]	[-0.48681506]
[ 0.93555057]	[ 0.35319276]	[ 1.46736384]	[-0.49366888]
[ 0.90640596]	[ 0.42240767]	[ 1.29298254]	[-0.49984964]
[ 0.88226191]	[ 0.47075888]	[ 1.11195832]	[-0.50250345]
[ 0.86616737]	[ 0.49975403]	[ 0.92979111]	[-0.49821992]
[ 0.85987386]	[ 0.51050655]	[ 0.75171174]	[-0.48362672]
[ 0.8639288]	[ 0.50361396]	[ 0.58314289]	[-0.45615647]
[ 0.87771806]	[ 0.47917743]	[ 0.42966146]	[-0.41482776]
[ 0.89950468]	[ 0.43691113]	[ 0.29650134]	[-0.36082753]
[ 0.92649326]	[ 0.37631135]	[ 0.18775167]	[-0.29767742]
[ 0.95491884]	[ 0.296867]	[ 0.10550889]	[-0.23086659]
[ 0.98028818]	[ 0.19757301]	[ 0.05003366]	[-0.16934189]
[ 0.9968957]	[ 0.07873356]	[ 0.01683796]	[-0.11997941]
[ 0.99829501]	[-0.05837019]	[-0.00126174]	[-0.08814124]
[ 0.97750386]	[-0.21091751]	[-0.01343978]	[-0.07663905]
[ 0.92745847]	[-0.37392617]	[-0.02988453]	[-0.08497224]
[ 0.84184413]	[-0.53972072]	[-0.06059343]	[-0.10890005]
[ 0.71634636]	[-0.69774486]	[-0.11397323]	[-0.14045734]
[ 0.55019229]	[-0.83503799]	[-0.19535785]	[-0.16858845]
[ 0.34760004]	[-0.9376429]	[-0.30572035]	[-0.18056135]
[ 0.11851856]	[-0.99295184]	[-0.44102531]	[-0.1641511]
[-0.12198969]	[-0.99253137]	[-0.59268707]	[-0.11023665]
[-0.35600519]	[-0.93448398]	[-0.74931582]	[-0.01507833]
[-0.56618739]	[-0.82427656]	[-0.89936353]	[ 0.11858805]
[-0.73920257]	[-0.67348316]	[-1.03372687]	[ 0.28216083]
[-0.86781652]	[-0.49688478]	[-1.14727891]	[ 0.46327186]
[-0.95100378]	[-0.30917925]	[-1.23886549]	[ 0.64849273]
[-0.99246036]	[-0.12256606]	[-1.3101333]	[ 0.82563429]
[-0.99852731]	[ 0.05425131]	[-1.36402036]	[ 0.98506538]
[-0.9764146]	[ 0.21590396]	[-1.40358952]	[ 1.12007297]
