Number of Episodes = 50	 Number of Sampled Trajectories = 20	 Number of Belief Points = 6
 Total Value of the system with Episodes = [  1539.55283319   3805.97502513   6159.16850893   7503.47926022
   8187.99825888   8572.3576847    9318.03151588  10141.19520899
  10268.0259964   10197.31920683  11137.51884802  10391.20700913
  10570.69845298  11315.92878938  10874.85399118  10354.19824649
  11052.70941881  10678.18362735  11086.32545094  10889.74957382
  10988.845213    10994.50226925  10816.35572543  11193.61757284
  11003.96463658  10914.42489621  11213.62815848  10820.60168617
  10826.07434232  10730.6066493   11009.21618926  11201.3768087
  10453.15838794  11201.70921629  10453.39688059  10827.68383608
  11216.84227511  11393.88589544  11106.06041744  11308.08834245
  11125.79967604  11696.96668272  10453.66550874  10453.67199667
  10827.88163443  11500.04027172  10827.88777778  11505.09474323
  11125.84113579  11010.19715945]
 Update in the value with Episodes = [  7.95268044e+02   5.29051351e+02   2.86149026e+02   2.10345828e+02
   4.34485710e+02   2.32829678e+02   1.49089460e+02   6.14186732e+01
   1.26865059e+02   6.02930433e+01   4.12817910e+01   2.13184462e+01
   2.78911721e+01   1.16159031e+01   7.12347415e+00   2.19184180e+01
   4.53943876e+00   5.79612734e+00   3.30117501e+00   3.06486720e+00
   1.12393616e+00   8.26196355e-01   2.89539520e+00   8.02838796e-01
   7.30034792e-01   5.39474699e-01   3.36738703e-01   2.23931782e-01
   1.14862287e-01   1.54592700e-01   5.17795129e-02   1.36025309e-01
   5.47577859e-02   2.81574210e-02   2.46131554e-02   1.54196710e-02
   1.08834464e-02   7.19866798e-03   7.45159836e-03   3.24513408e-03
   6.05833871e-03   4.91663062e-03   1.99700232e-03   1.10087975e-03
   8.16167074e-04   7.60803065e-04   4.41024112e-04   2.76672313e-04
   4.14689520e-04   1.49502675e-04]
 Final Trajectory Taken = [[1, 1], [1, 2], [1, 3], [1, 3], [1, 3], [1, 3], [1, 3], [1, 3], [1, 3], [1, 3], [1, 3], [1, 3], [1, 3], [1, 3], [1, 3], [1, 3], [1, 3], [1, 3], [1, 3], [1, 3], [1, 3], [1, 3], [1, 3], [1, 3], [1, 3], [1, 3], [1, 3], [1, 3], [1, 3], [1, 3], [1, 3], [1, 3], [1, 3], [1, 3], [1, 3], [1, 3], [1, 3], [1, 3], [1, 3], [1, 3], [1, 3], [1, 3], [1, 3], [1, 3], [1, 3], [1, 3], [1, 3], [1, 3], [1, 3], [1, 3], [1, 3]]