6.12323399574e-17	-1.0	1.22464679915e-16	-2.0
[ 0.01707234]	[-0.99985426]	[-0.00975371]	[-1.99949437]
[ 0.05119712]	[-0.99868857]	[-0.02920381]	[-1.99545117]
[ 0.10184837]	[-0.99479993]	[-0.0579835]	[-1.98194419]
[ 0.16769328]	[-0.98583922]	[-0.09502503]	[-1.9507118]
[ 0.24620594]	[-0.96921754]	[-0.13810963]	[-1.89241932]
[ 0.30246698]	[-0.95315986]	[-0.16951692]	[-1.83476703]
[ 0.33705072]	[-0.94148649]	[-0.19157408]	[-1.79034209]
[ 0.35109835]	[-0.93633859]	[-0.20642689]	[-1.76649858]
[ 0.37222407]	[-0.9281429]	[-0.22696318]	[-1.72875181]
[ 0.39955903]	[-0.91670747]	[-0.2519412]	[-1.6753559]
[ 0.4069194]	[-0.91346407]	[-0.27176673]	[-1.64789252]
[ 0.41946228]	[-0.90777276]	[-0.29578196]	[-1.60664734]
[ 0.43658267]	[-0.89966415]	[-0.32260899]	[-1.55053128]
[ 0.43466301]	[-0.90059318]	[-0.34692228]	[-1.52439157]
[ 0.43674852]	[-0.89958364]	[-0.37395129]	[-1.48504569]
[ 0.44254478]	[-0.89674641]	[-0.4022575]	[-1.431825]
[ 0.43019328]	[-0.90273681]	[-0.43103932]	[-1.41094779]
[ 0.42133888]	[-0.90690328]	[-0.46108873]	[-1.37735149]
[ 0.41599218]	[-0.90936819]	[-0.49094881]	[-1.33062589]
[ 0.41400011]	[-0.91027683]	[-0.51888839]	[-1.27044214]
[ 0.3946917]	[-0.91881362]	[-0.5510286]	[-1.24379533]
[ 0.37882014]	[-0.92547031]	[-0.58141558]	[-1.20466087]
[ 0.36654121]	[-0.93040182]	[-0.6083833]	[-1.15293764]
[ 0.35786502]	[-0.93377333]	[-0.63006551]	[-1.08867093]
[ 0.34285032]	[-0.93939004]	[-0.65256272]	[-1.03506071]
[ 0.33155467]	[-0.94343601]	[-0.66810134]	[-0.96966285]
[ 0.31440023]	[-0.94929052]	[-0.68501627]	[-0.91513421]
[ 0.29183184]	[-0.95646964]	[-0.70453098]	[-0.87125732]
[ 0.27363384]	[-0.96183394]	[-0.7157546]	[-0.81653937]
[ 0.2507311]	[-0.96805677]	[-0.72990425]	[-0.7722142]
[ 0.22363259]	[-0.97467352]	[-0.7478942]	[-0.73774378]
[ 0.20202483]	[-0.9793804]	[-0.75610606]	[-0.69304984]
[ 0.17710501]	[-0.98419196]	[-0.76813245]	[-0.65780851]
[ 0.14941485]	[-0.9887746]	[-0.78454893]	[-0.63140691]
[ 0.11950976]	[-0.99283303]	[-0.80566689]	[-0.61329623]
[ 0.09703359]	[-0.99528111]	[-0.81516397]	[-0.58553046]
[ 0.07332554]	[-0.99730806]	[-0.82883193]	[-0.56590118]
[ 0.04887431]	[-0.99880494]	[-0.84676674]	[-0.55402734]
[ 0.03324686]	[-0.99944717]	[-0.85143178]	[-0.53324582]
[ 0.01766289]	[-0.999844]	[-0.85983074]	[-0.52025571]
[ 0.00245909]	[-0.99999698]	[-0.87196523]	[-0.51483503]
[-0.01207218]	[-0.99992713]	[-0.8876826]	[-0.51690912]
[-0.02568728]	[-0.99967003]	[-0.90668627]	[-0.52655188]
[-0.03819659]	[-0.99927024]	[-0.9285385]	[-0.5439777]
[-0.04947047]	[-0.99877559]	[-0.95265573]	[-0.56952463]
[-0.05944554]	[-0.99823155]	[-0.97829708]	[-0.60362812]
[-0.06813101]	[-0.99767638]	[-1.00454698]	[-0.64678447]
[-0.0756145]	[-0.99713713]	[-1.03029423]	[-0.69950209]
[-0.08206687]	[-0.99662683]	[-1.05420997]	[-0.76223873]
[-0.08774512]	[-0.99614296]	[-1.07472878]	[-0.83532238]
[-0.09299232]	[-0.99566683]	[-1.09003785]	[-0.91885395]
[-0.09823284]	[-0.99516346]	[-1.09808097]	[-1.01259099]
[-0.09283175]	[-0.99568181]	[-1.08768929]	[-1.09696596]
[-0.07603402]	[-0.99710522]	[-1.06080064]	[-1.17098648]
[-0.05929376]	[-0.99824058]	[-1.02620915]	[-1.25333789]
[-0.03105314]	[-0.99951773]	[-0.97717784]	[-1.32332023]
[ 0.00901408]	[-0.99995937]	[-0.91595204]	[-1.38000894]
[ 0.06084126]	[-0.99814745]	[-0.84469184]	[-1.42242309]
[ 0.1238682]	[-0.99229868]	[-0.76549959]	[-1.44949114]
[ 0.1969574]	[-0.98041205]	[-0.68048645]	[-1.4600914]
[ 0.27835318]	[-0.96047879]	[-0.5918517]	[-1.45316882]
[ 0.36570931]	[-0.93072912]	[-0.50194108]	[-1.42790393]
[ 0.43436222]	[-0.90073829]	[-0.4134494]	[-1.43103581]
[ 0.50500246]	[-0.8631179]	[-0.32705441]	[-1.41780823]
[ 0.57572978]	[-0.81764003]	[-0.24522843]	[-1.38862831]
[ 0.64460215]	[-0.76451819]	[-0.1702403]	[-1.34420067]
[ 0.70977595]	[-0.7044275]	[-0.10407577]	[-1.28550012]
[ 0.76964036]	[-0.63847766]	[-0.04835027]	[-1.21370921]
[ 0.82292902]	[-0.5681442]	[-0.00422137]	[-1.13012484]
[ 0.85871293]	[-0.51245693]	[ 0.03870906]	[-1.08481491]
[ 0.88926418]	[-0.45739394]	[ 0.07033486]	[-1.03128833]
[ 0.9147063]	[-0.40411926]	[ 0.09048144]	[-0.9703819]
[ 0.93533179]	[-0.35377174]	[ 0.09945713]	[-0.90269209]
[ 0.95156769]	[-0.30743932]	[ 0.09807697]	[-0.82854737]
[ 0.96393454]	[-0.26613945]	[ 0.08769321]	[-0.74801198]
[ 0.96891851]	[-0.24738013]	[ 0.08200608]	[-0.70931773]
[ 0.97195533]	[-0.23516556]	[ 0.06904513]	[-0.6649948]
[ 0.97322585]	[-0.2298509]	[ 0.05024471]	[-0.61469609]
[ 0.97277336]	[-0.23175845]	[ 0.02748743]	[-0.55800146]
[ 0.96651372]	[-0.25661493]	[ 0.00855358]	[-0.54351624]
[ 0.95749984]	[-0.28843378]	[-0.01465282]	[-0.52278222]
[ 0.94502291]	[-0.32700414]	[-0.04070079]	[-0.49537513]
[ 0.92232885]	[-0.38640587]	[-0.07002979]	[-0.50979279]
[ 0.89282889]	[-0.45039602]	[-0.10497702]	[-0.516603]
[ 0.8555247]	[-0.51776199]	[-0.14447151]	[-0.51501177]
[ 0.80955867]	[-0.58703898]	[-0.18700832]	[-0.50424868]
[ 0.74395845]	[-0.66822588]	[-0.24638518]	[-0.52959152]
[ 0.66707906]	[-0.74498693]	[-0.31204007]	[-0.5416996]
[ 0.57973796]	[-0.81480298]	[-0.38157797]	[-0.53935483]
[ 0.48343799]	[-0.87537861]	[-0.45194403]	[-0.52173972]
[ 0.36533231]	[-0.93087717]	[-0.5491989]	[-0.52636182]
[ 0.24273828]	[-0.97009181]	[-0.64549607]	[-0.5107012]
[ 0.11982317]	[-0.99279525]	[-0.73609172]	[-0.47567854]
[ 0.00070271]	[-0.99999975]	[-0.81621441]	[-0.42324467]
[-0.11093282]	[-0.99382791]	[-0.88136143]	[-0.35630164]
[-0.21210459]	[-0.97724697]	[-0.92752174]	[-0.2785494]
[-0.31765348]	[-0.94820687]	[-0.99523754]	[-0.21276153]
[-0.4072552]	[-0.91331441]	[-1.04041859]	[-0.13929624]
[-0.48011989]	[-0.87720288]	[-1.06078108]	[-0.06305758]
[-0.53633905]	[-0.84400262]	[-1.05467106]	[ 0.01117685]
[-0.57655698]	[-0.81705694]	[-1.02088597]	[ 0.07880675]
[-0.60164402]	[-0.79876434]	[-0.95854971]	[ 0.13537608]
[-0.61965902]	[-0.78487113]	[-0.89193206]	[ 0.1773489]
[-0.63040137]	[-0.77626936]	[-0.82136082]	[ 0.20532857]
[-0.63369692]	[-0.77358142]	[-0.74693845]	[ 0.21998607]
[-0.62934087]	[-0.77712938]	[-0.66857146]	[ 0.2221008]
[-0.61706421]	[-0.7869128]	[-0.58599412]	[ 0.2126044]
[-0.59652854]	[-0.80259187]	[-0.49879268]	[ 0.19262052]
[-0.56735204]	[-0.82347536]	[-0.40643639]	[ 0.1634928]
[-0.52916756]	[-0.84851735]	[-0.30832102]	[ 0.12679122]
[-0.48171033]	[-0.8763305]	[-0.20382985]	[ 0.08428515]
[-0.42492777]	[-0.90522726]	[-0.09241397]	[ 0.03787113]
[-0.35909636]	[-0.93330049]	[ 0.02631031]	[-0.01055367]
[-0.28492219]	[-0.95855065]	[ 0.15245524]	[-0.05927261]
[-0.20359586]	[-0.97905502]	[ 0.28575994]	[-0.10697079]
[-0.11677423]	[-0.99315849]	[ 0.42550869]	[-0.15296254]
[-0.02647463]	[-0.99964949]	[ 0.57048023]	[-0.19737467]
[ 0.06510856]	[-0.99787819]	[ 0.71892995]	[-0.24122927]
[ 0.15582839]	[-0.98778414]	[ 0.8685957]	[-0.28638358]
[ 0.24379763]	[-0.96982613]	[ 1.0167124]	[-0.33531627]
[ 0.32753872]	[-0.94483776]	[ 1.16002244]	[-0.39078825]
[ 0.40604255]	[-0.91385417]	[ 1.29477802]	[-0.45543377]
[ 0.47873653]	[-0.87795862]	[ 1.41674347]	[-0.53134217]
[ 0.54538402]	[-0.8381863]	[ 1.52121818]	[-0.61967386]
[ 0.60594616]	[-0.79550566]	[ 1.60311664]	[-0.72033226]
[ 0.66043442]	[-0.75088373]	[ 1.6571629]	[-0.83170659]
[ 0.7087778]	[-0.7054318]	[ 1.67827721]	[-0.95052543]
[ 0.74073851]	[-0.67179347]	[ 1.66196566]	[-1.06081858]
[ 0.75590387]	[-0.65468263]	[ 1.61700131]	[-1.1631226]
[ 0.75367688]	[-0.65724513]	[ 1.55196097]	[-1.25952622]
[ 0.73276055]	[-0.68048657]	[ 1.4733764]	[-1.35241526]
[ 0.69079952]	[-0.72304635]	[ 1.38481778]	[-1.44300375]
[ 0.62442638]	[-0.78108367]	[ 1.286976]	[-1.53010169]
[ 0.52983581]	[-0.84810024]	[ 1.17838855]	[-1.60926996]
[ 0.434911]	[-0.90047344]	[ 1.04595535]	[-1.69206981]
[ 0.31151664]	[-0.9502407]	[ 0.9021124]	[-1.75720826]
[ 0.19334993]	[-0.98112986]	[ 0.73675215]	[-1.82060233]
[ 0.0521297]	[-0.99864032]	[ 0.56387859]	[-1.85777539]
[-0.10799511]	[-0.99415142]	[ 0.38739426]	[-1.86282246]
[-0.24856677]	[-0.96861476]	[ 0.1984171]	[-1.86315678]
[-0.39464584]	[-0.91883332]	[ 0.01546072]	[-1.83087093]
[-0.5387836]	[-0.8424442]	[-0.15509952]	[-1.76590861]
[-0.67302868]	[-0.73961639]	[-0.30700163]	[-1.6702206]
[-0.78999718]	[-0.61311047]	[-0.43468176]	[-1.54785694]
[-0.88382646]	[-0.4678149]	[-0.53378111]	[-1.40454766]
[-0.95075794]	[-0.3099344]	[-0.60142366]	[-1.24693256]
[-0.98927036]	[-0.14609639]	[-0.6362348]	[-1.08170629]
[-0.99984843]	[ 0.01741024]	[-0.63816735]	[-0.91489164]
[-0.98453938]	[ 0.17516341]	[-0.60823197]	[-0.75133146]
[-0.94643462]	[ 0.3228955]	[-0.54821428]	[-0.59439429]
[-0.8891678]	[ 0.45758128]	[-0.46043509]	[-0.44585011]
[-0.81647484]	[ 0.57738102]	[-0.34758528]	[-0.30587579]
[-0.73182784]	[ 0.68148955]	[-0.21264479]	[-0.17317351]
[-0.638134]	[ 0.76992532]	[-0.05887156]	[-0.04521578]
[-0.53748894]	[ 0.8432708]	[ 0.1101779]	[ 0.08134714]
[-0.43099186]	[ 0.90235581]	[ 0.29065108]	[ 0.21009035]
[-0.3186611]	[ 0.94786872]	[ 0.47846787]	[ 0.34405963]
[-0.19951048]	[ 0.97989569]	[ 0.66943341]	[ 0.48498509]
[-0.0718338]	[ 0.99741662]	[ 0.85926208]	[ 0.63264206]
[ 0.06630065]	[ 0.99779969]	[ 1.04327667]	[ 0.78445054]
[ 0.21636002]	[ 0.97631365]	[ 1.21551296]	[ 0.9351627]
[ 0.35891162]	[ 0.93337155]	[ 1.35260462]	[ 1.04550638]
