[   509.    620.    521.    578.    597.    567.    594.    643.    574.
    655.    640.    513.    673.    711.    635.    776.    821.    847.
    740.    748.    700.    684.    761.    672.    911.   1051.    960.
    971.   1007.    960.    729.    826.   1024.    825.    821.    837.
    846.    985.    974.   1128.    941.   1128.   1320.   1171.   1371.
   1105.   1411.   1021.   1177.   1613.   1795.   1422.   1041.   1290.
   1576.   1567.   1524.   1465.   1132.   1208.   1581.   1103.   1570.
   1455.   1334.   1683.   1545.   1696.   1556.   1215.   1085.   1836.
   1345.   1311.   2081.   1820.   1620.   1289.   1822.   1736.   1609.
   1872.   1918.   1806.   1266.   1949.   1383.   1909.   2032.   2109.
   1991.   2188.   1804.   2226.   2213.   1937.   2307.   2420.   1535.
   1687.   2482.   2376.   2200.   2540.  18276.   3920.   2633.   2453.
   2494.   2658.   2051.   1956.   1703.   2696.   2659.   2727.   2686.
   2616.   1733.   2898.   2957.   2942.   2997.   3017.   1685.   2794.
   2968.   2957.   2631.   2941.   3165.   3016.   2678.   2919.   2100.
   3122.   2652.   3227.   1972.   3059.   3310.   3497.   3452.   2365.
   3435.   3444.   3472.   3460.   3507.   2778.   3465.   3594.   3646.
   2584.   3644.   3764.   3018.   3636.   3726.   3852.   3529.   3690.
   3472.   3356.   3903.   3698.   3734.   3539.   3832.   3917.   3713.
   3929.   3183.   3864.   3788.   3928.   3268.   3921.   2602.   3590.
   3100.   3952.   3758.   3921.   2678.   3522.   2846.   3438.   3950.
   3922.   2491.   3550.   4042.   2516.   3900.   3519.   2685.   2873.
   2840.   2372.   2368.   2360.   2393.   2828.   2348.   2344.   2336.
   2328.   2320.   2312.   2304.   2337.   2788.   2296.   2288.   2280.
   2272.   2264.   2256.   2252.   2244.   2236.   2228.   2261.   2732.
   2216.   2208.   2200.   2192.   2225.   2708.   2180.   2172.   2168.
   2160.   2152.   2144.   2136.   2128.   2120.   2153.   2652.   2108.
   2100.   2092.   2084.   2076.   2068.   2060.   2052.   2085.   2604.
   2040.   2032.   2024.   2016.   2008.   2000.   1992.   1984.   1976.
   1968.   1960.   1993.   2532.   1944.   1936.   1928.   1920.   1912.
   1904.   1896.   1888.   1880.   1913.   2472.   1864.   1856.   1848.
   1840.   1828.   1820.   1812.   1804.   1796.   1829.   2412.   1780.
   1772.   1764.   1756.   1748.   1777.   2376.   1728.   1720.   1712.
   1704.   1696.   1688.   1676.   1668.   1660.   1652.   1644.   1636.
   1665.   2292.   1616.   1608.   1600.   1588.   1580.   1572.   1564.
   1556.   1589.   2236.   1536.   1528.   1516.   1508.   1500.   1492.
   1521.   2188.   1472.   1460.   1452.   1444.   1436.   1424.   1457.
   2140.   1404.   1396.   1384.   1376.   1368.   1356.   1348.   1340.
   1369.   2080.   1316.   1308.   1296.   1288.   1280.   1268.   1260.
   1252.   1240.   1232.   1224.   1212.   1245.   1984.   1188.   1180.
   1172.   1160.   1152.   1181.   1940.   1128.   1116.   1108.   1096.
   1088.   1076.   1068.   1060.   1048.   1040.   1028.   1020.   1049.
   1840.    992.    984.    972.    964.    952.    944.    973.   1784.
    916.    908.    896.    884.    876.    864.    856.    844.    836.
    824.    816.    804.    837.   1680.    776.    764.    756.    744.
    736.    724.    716.    745.   1616.    684.    672.    664.    652.
    644.    673.   1564.    612.    600.    588.    580.    568.    556.
    548.    544.    552.    564.    613.   1464.    592.    604.    612.
    665.   1424.    644.    656.    664.    676.    684.    696.    708.
    716.    769.   1332.    748.    760.    768.    780.    792.    841.
   1268.    824.    836.    844.    856.    868.    876.    888.    937.
   1184.    920.    932.    944.    993.   1136.    976.    988.   1000.
   1012.   1020.   1032.   1044.   1056.   1105.   1040.   1092.   1104.
   1112.   1124.   1136.   1148.   1197.    960.   1184.   1196.   1208.
   1220.   1228.   1281.    888.   1268.   1280.   1292.   1304.   1316.
   1324.   1377.    804.   1364.   1376.]
