n_eps = 500	 alpha = 0.5	 world size = 30,20
route SARSA:[[0, 0], [1, 0], [2, 0], [2, 1], [3, 1], [3, 2], [3, 3], [3, 4], [4, 4], [5, 4], [5, 5], [4, 5], [4, 6], [4, 7], [4, 8], [4, 9], [4, 10], [4, 11], [4, 12], [4, 13], [4, 14], [4, 15], [3, 15], [3, 16], [3, 17], [3, 18], [3, 19], [2, 19], [1, 19], [0, 19]]
route Q-Learn:[[0, 0], [1, 0], [1, 1], [1, 2], [1, 3], [1, 4], [1, 5], [1, 6], [1, 7], [1, 8], [1, 9], [1, 10], [1, 11], [1, 12], [1, 13], [1, 14], [1, 15], [1, 16], [1, 17], [1, 18], [1, 19], [0, 19]]
Q Value function SARSA: [[[-100.          -63.33472977  -50.77645266  -57.11863385]
  [   0.            0.            0.            0.        ]
  [   0.            0.            0.            0.        ]
  ..., 
  [   0.            0.            0.            0.        ]
  [   0.            0.            0.            0.        ]
  [   0.            0.            0.            0.        ]]

 [[ -53.15271859  -50.82327856  -46.65799676  -57.19154575]
  [ -55.36564099  -50.21704907  -55.01452821  -99.99980927]
  [ -72.01959401  -56.05184378  -45.98100624  -99.21875   ]
  ..., 
  [ -62.84028808  -23.37800849  -16.41936225  -96.875     ]
  [ -25.8855712   -25.05636397   -9.38301036  -99.97558594]
  [  -2.94134813  -12.34858664   -8.18831974   -1.        ]]

 [[ -44.43919812  -48.29015447  -46.58954995  -50.39362281]
  [ -47.05881199  -45.35490578  -43.66872852  -51.86962788]
  [ -41.23889552  -47.58243117  -43.63748475  -46.39805984]
  ..., 
  [  -5.64802334  -22.06612086  -19.8569445   -23.39771461]
  [  -6.73245284  -14.18107298  -11.4716394   -11.92022219]
  [  -9.29127313   -8.14260094   -8.84250981   -3.06757142]]

 ..., 
 [[ -31.1347153   -36.25056294  -32.38391512  -30.798907  ]
  [ -29.74476368  -30.76307816  -32.26540188  -27.64012965]
  [ -34.31249987  -32.75330486  -29.7714515   -30.66880562]
  ..., 
  [ -36.2676314   -34.55424048  -43.60886526  -30.43573547]
  [ -32.04821222  -36.97726984  -60.66475599  -31.23392434]
  [ -31.77700716  -33.69834573  -31.79412318  -31.66252618]]

 [[ -64.88094707  -36.22760754  -63.25345818  -33.82074587]
  [ -31.32920108  -29.72185969  -99.8046875   -32.59425374]
  [ -49.24672251  -31.49824625  -93.75        -33.25120832]
  ..., 
  [ -31.3660879   -62.49350826  -96.875       -29.14574943]
  [ -21.98227142  -22.77653303  -99.609375    -20.4617829 ]
  [ -32.22995084  -64.66333961  -31.73154094  -33.67653167]]

 [[ -98.4375      -50.76831055  -26.48552002  -28.9809327 ]
  [   0.            0.            0.            0.        ]
  [   0.            0.            0.            0.        ]
  ..., 
  [   0.            0.            0.            0.        ]
  [   0.            0.            0.            0.        ]
  [ -33.56624235  -96.875       -38.375       -31.7323182 ]]]
 	 
Q Value function SARSA: [[[-100.          -22.          -21.          -22.        ]
  [   0.            0.            0.            0.        ]
  [   0.            0.            0.            0.        ]
  ..., 
  [   0.            0.            0.            0.        ]
  [   0.            0.            0.            0.        ]
  [   0.            0.            0.            0.        ]]

 [[ -20.          -21.          -22.          -22.        ]
  [ -19.          -21.          -21.         -100.        ]
  [ -18.          -20.          -20.         -100.        ]
  ..., 
  [  -3.           -5.           -5.          -99.99999995]
  [  -2.           -3.99999999   -3.99999991 -100.        ]
  [  -2.           -3.           -3.           -1.        ]]

 [[ -21.          -21.99588353  -21.51736928  -21.        ]
  [ -20.          -21.99998831  -21.42826068  -20.        ]
  [ -19.          -20.99995464  -20.83798639  -19.        ]
  ..., 
  [  -4.           -5.99997753   -5.99987765   -4.        ]
  [  -3.           -4.99997636   -4.99997539   -3.        ]
  [  -2.99949109   -3.99999997   -3.9999997    -2.        ]]

 ..., 
 [[ -12.08467088  -12.2069165   -11.97806874  -12.41509243]
  [ -12.01825936  -11.8246455   -11.77017527  -12.45486463]
  [ -12.68598758  -12.10018737  -12.36684525  -12.14764558]
  ..., 
  [ -11.49108107  -11.75398611  -11.42438789  -11.47626   ]
  [ -11.1523915   -11.80362864  -11.2196938   -10.80032398]
  [ -10.8735216   -11.29029482  -10.72824898  -11.06899192]]

 [[ -11.94491977  -11.69384766  -11.91082223  -12.04339247]
  [ -11.8134541   -11.6843953   -93.75        -11.73836546]
  [ -12.07919887  -11.92702502  -99.8046875   -12.46868261]
  ..., 
  [ -11.41435963  -11.6719243   -99.609375    -11.76684317]
  [ -11.19083559  -11.41608023  -99.609375    -11.03325041]
  [ -11.10607719  -11.23111515  -10.67936095  -11.13232019]]

 [[ -87.5         -11.35527959  -11.49504948  -11.88061971]
  [   0.            0.            0.            0.        ]
  [   0.            0.            0.            0.        ]
  ..., 
  [   0.            0.            0.            0.        ]
  [   0.            0.            0.            0.        ]
  [ -10.5         -93.75        -10.57339096  -11.03543651]]]
 	 
