n_eps = 500	 alpha = 0.5	 world size = 10,20
route SARSA:[[0, 0], [1, 0], [2, 0], [3, 0], [4, 0], [4, 1], [4, 2], [4, 3], [4, 4], [4, 5], [4, 6], [4, 7], [4, 8], [4, 9], [3, 9], [3, 10], [3, 11], [4, 11], [4, 12], [5, 12], [5, 13], [5, 14], [5, 15], [5, 16], [5, 17], [5, 18], [4, 18], [3, 18], [3, 19], [2, 19], [1, 19], [0, 19]]
route Q-Learn:[[0, 0], [1, 0], [1, 1], [1, 2], [1, 3], [1, 4], [1, 5], [1, 6], [1, 7], [1, 8], [1, 9], [1, 10], [1, 11], [1, 12], [1, 13], [1, 14], [1, 15], [1, 16], [1, 17], [1, 18], [1, 19], [0, 19]]
Q Value function SARSA: [[[-100.          -71.58534088  -50.81914207  -77.88879464]
  [   0.            0.            0.            0.        ]
  [   0.            0.            0.            0.        ]
  [   0.            0.            0.            0.        ]
  [   0.            0.            0.            0.        ]
  [   0.            0.            0.            0.        ]
  [   0.            0.            0.            0.        ]
  [   0.            0.            0.            0.        ]
  [   0.            0.            0.            0.        ]
  [   0.            0.            0.            0.        ]
  [   0.            0.            0.            0.        ]
  [   0.            0.            0.            0.        ]
  [   0.            0.            0.            0.        ]
  [   0.            0.            0.            0.        ]
  [   0.            0.            0.            0.        ]
  [   0.            0.            0.            0.        ]
  [   0.            0.            0.            0.        ]
  [   0.            0.            0.            0.        ]
  [   0.            0.            0.            0.        ]
  [   0.            0.            0.            0.        ]]

 [[ -63.52553105  -54.68495591  -49.06483894  -69.70582537]
  [ -54.84068332  -50.67244991  -48.1412082   -99.99980927]
  [ -57.18246847  -50.93577441  -45.58860854  -99.99389648]
  [ -56.80880048  -51.20526023  -44.23823086  -96.875     ]
  [ -47.4734285   -50.89151455  -42.28304656  -99.8046875 ]
  [ -47.20194455  -64.46491957  -39.53823143  -98.4375    ]
  [ -40.6133663   -47.93319723  -36.17101585  -99.8046875 ]
  [ -61.29286252  -64.49680254  -38.31321479  -98.4375    ]
  [ -45.3560485   -46.61586635  -34.93475582  -93.75      ]
  [ -33.25912539  -34.46619662  -31.06492753  -99.90234375]
  [ -32.04909432  -30.25836903  -48.03381991  -96.875     ]
  [ -42.06845375  -29.8966439   -28.36407239  -99.609375  ]
  [ -50.79548884  -29.2071632   -24.87442399  -96.875     ]
  [ -31.21410317  -27.68219898  -25.8932264   -96.875     ]
  [ -22.93042129  -33.03660863  -24.65875874  -96.875     ]
  [ -23.67278097  -36.29343998  -19.82011359  -98.4375    ]
  [ -53.574376    -25.27179475  -22.84952054  -93.75      ]
  [ -47.38134015  -38.00105076  -16.66535609  -99.8046875 ]
  [  -2.33173041  -25.20793266  -16.04168055  -99.99995232]
  [  -2.02849134  -29.30360292  -10.33792605   -1.        ]]

 [[ -48.96185763  -49.17784506  -48.06897272  -51.30424621]
  [ -45.31735003  -49.4120888   -47.11784439  -50.5091569 ]
  [ -46.39487528  -47.10976786  -43.51468124  -75.63909881]
  [ -44.39902419  -46.25345204  -43.38739321  -46.18147413]
  [ -44.18347992  -42.94616953  -44.38819662  -45.59874546]
  [ -41.95149707  -43.6535051   -38.14345567  -39.3179519 ]
  [ -36.31308423  -39.2080962   -37.82387176  -43.99268498]
  [ -37.65693265  -37.58568714  -33.84631557  -39.88299718]
  [ -36.00347556  -36.4884555   -30.90968491  -39.79429238]
  [ -35.10483347  -38.22718187  -33.38164243  -35.56543536]
  [ -29.36278642  -34.67071956  -31.1734414   -49.71643099]
  [ -30.14919654  -31.93790758  -26.82051454  -30.25851594]
  [ -28.80879658  -31.71617094  -26.4216976   -29.28566576]
  [ -26.37345737  -26.93430865  -23.4035819   -26.67613128]
  [ -24.59063226  -25.32378225  -22.7975449   -26.47030075]
  [ -19.80413028  -23.71767916  -22.20659391  -44.40840547]
  [ -22.81101676  -24.78852024  -21.90661138  -23.84213105]
  [ -30.59801712  -21.13964145  -16.83954356  -24.09741774]
  [ -21.49343536  -17.79879096  -11.70953755  -25.61834984]
  [ -10.91290754  -13.84939376  -11.26291349   -2.12841744]]

 [[ -47.95939162  -47.66111028  -46.04362118  -49.98641416]
  [ -46.82461873  -47.76227817  -46.13352712  -46.9165651 ]
  [ -44.07277005  -46.77898479  -41.80121776  -48.976222  ]
  [ -40.39266884  -45.27984495  -41.75060076  -44.6607565 ]
  [ -37.95739463  -45.64236828  -40.98193653  -44.0727145 ]
  [ -35.1490522   -41.361117    -39.4145002   -39.7092203 ]
  [ -32.93190149  -38.91854309  -37.70898286  -37.95636523]
  [ -31.53733882  -38.27606816  -35.90299421  -38.62039956]
  [ -29.87201554  -35.77627537  -33.71337969  -37.80823644]
  [ -28.2956554   -33.65832475  -32.13716372  -33.72587542]
  [ -29.17035335  -32.02874182  -29.56827008  -31.70387028]
  [ -28.34168175  -30.19232056  -26.48498272  -30.43699569]
  [ -26.80542758  -29.09749708  -25.86353541  -27.51384766]
  [ -25.68969348  -26.9052185   -26.09326143  -28.8834319 ]
  [ -18.82742199  -27.024846    -22.44021718  -25.2445076 ]
  [ -17.30730805  -23.17733174  -20.00815082  -23.56982055]
  [ -19.66930657  -22.32780797  -18.15444927  -19.32093971]
  [ -12.14501769  -16.05765249  -15.80601231  -27.04292555]
  [  -6.45023776  -15.63832884  -15.63389421  -15.11969304]
  [ -14.82608334  -13.84092516  -16.25749491   -3.76318883]]

 [[ -46.14364571  -46.86622996  -46.31937145  -47.04610896]
  [ -43.53659697  -47.21633042  -46.58214493  -46.73725037]
  [ -42.89067241  -47.02742013  -43.027999    -44.49991216]
  [ -39.67343979  -44.54864276  -42.83912136  -43.16972225]
  [ -38.55954875  -42.61542426  -39.84295613  -43.01530685]
  [ -36.87173463  -41.26537547  -39.30041274  -39.49983598]
  [ -34.45215703  -39.35672077  -37.9036706   -38.51708726]
  [ -32.85752178  -36.28382287  -35.16018681  -35.03103701]
  [ -31.63771028  -36.25902847  -33.79662362  -34.28919019]
  [ -32.62994833  -34.24524582  -33.33779338  -29.6940046 ]
  [ -28.17299177  -32.88063675  -29.0890192   -30.18509127]
  [ -26.0449547   -30.98081161  -29.87045538  -26.16299182]
  [ -25.56679537  -29.11048052  -24.81233016  -25.84986645]
  [ -24.77271861  -26.19162512  -22.42676165  -25.49839273]
  [ -20.20377962  -24.92680747  -20.91213558  -22.86429246]
  [ -18.97080816  -24.24311174  -21.05500435  -17.42067841]
  [ -18.0417317   -19.71765212  -17.8140948   -18.0739289 ]
  [ -15.8087863   -17.41111239  -17.22910201  -16.96820816]
  [ -16.13695082  -15.96343184  -16.37492114  -12.12707707]
  [ -17.47701066  -17.02075221  -17.41536664  -11.51455674]]

 [[ -45.67894605  -45.92954627  -45.6084068   -47.36385416]
  [ -45.71217098  -47.40267705  -45.81087447  -44.77293507]
  [ -41.10752912  -45.79390181  -44.18585774  -44.63270519]
  [ -40.65779543  -43.69365575  -43.14941418  -43.85242674]
  [ -39.71178925  -42.03252076  -41.37925294  -40.76108929]
  [ -38.3566696   -40.98387655  -40.8450691   -38.41443271]
  [ -36.28042914  -40.02516928  -39.03151916  -36.97811253]
  [ -32.73500004  -38.62004983  -36.35931063  -34.02280496]
  [ -29.7917381   -36.47660173  -34.1756448   -34.11129255]
  [ -30.30177301  -34.86996584  -34.26881711  -31.44007741]
  [ -25.80340702  -31.61026235  -31.14353438  -28.86195027]
  [ -27.668515    -30.34855253  -29.64735086  -29.23347247]
  [ -21.60888141  -29.76825945  -28.74335464  -25.47458903]
  [ -21.65024486  -24.91445567  -27.35819603  -24.28951582]
  [ -17.60944455  -23.34256613  -23.97965333  -24.26302456]
  [ -18.71637095  -23.90873394  -22.23585312  -18.85748469]
  [ -17.61651486  -19.86299534  -19.33984062  -17.98111864]
  [ -16.30922963  -20.95109129  -19.5261932   -17.40097804]
  [ -19.13925098  -15.33410395  -16.15720448  -14.74885545]
  [ -17.12949035  -17.00813363  -19.92968243  -13.13586246]]

 [[ -45.50615902  -45.79957852  -47.04552652  -45.67628715]
  [ -44.41692786  -45.31683375  -44.95125856  -45.57888846]
  [ -42.71887576  -45.19906634  -44.22948117  -43.98553735]
  [ -41.41020281  -43.76117196  -41.51060122  -41.14255155]
  [ -40.32522118  -41.39377539  -41.0594509   -41.39401818]
  [ -39.84562965  -40.49667337  -40.73426012  -39.19225179]
  [ -37.77236746  -40.2867011   -38.96681431  -37.57353566]
  [ -33.77791474  -39.54114014  -37.85190618  -37.23758704]
  [ -31.98558948  -36.07158241  -35.45709388  -34.08722425]
  [ -30.75191486  -34.38588077  -33.49692767  -33.1804219 ]
  [ -30.58697489  -34.21272011  -33.56152929  -30.29231848]
  [ -27.60853062  -33.47666876  -31.33816157  -29.48566668]
  [ -24.28484632  -29.07193657  -29.46370071  -28.54457304]
  [ -25.1671842   -28.75688757  -28.59872107  -21.52616101]
  [ -25.78044226  -26.31313748  -28.2674804   -20.66484185]
  [ -22.64368885  -26.63858899  -26.25078217  -22.59406855]
  [ -22.21618965  -24.2496927   -22.89928428  -17.49447819]
  [ -19.91807724  -20.81617163  -40.19578225  -19.30093942]
  [ -17.28158411  -19.46240005  -19.93608253  -13.0583463 ]
  [ -17.30617204  -18.11650053  -21.21838472  -15.32678464]]

 [[ -50.0617271   -47.07073798  -47.22586221  -45.84524887]
  [ -43.50515934  -44.51332447  -48.70372397  -43.92202612]
  [ -41.67762016  -44.6029645   -41.59016291  -42.69948789]
  [ -41.21465402  -43.46673002  -45.70031606  -41.26465691]
  [ -40.84703872  -45.32867048  -50.37737931  -40.9836762 ]
  [ -41.93282039  -40.83366457  -44.49696512  -39.1383547 ]
  [ -40.81423688  -39.53312236  -38.73586092  -38.00957982]
  [ -39.36914467  -37.98419989  -71.17854702  -36.4020484 ]
  [ -33.50225717  -39.11252875  -29.45141745  -38.59788121]
  [ -49.61622391  -35.05252816  -42.3692335   -34.0369743 ]
  [ -31.52845973  -33.60332289  -50.75802911  -31.91489101]
  [ -30.2708149   -31.52086357  -30.13421686  -28.92180425]
  [ -30.31158837  -29.21802184  -31.95254233  -27.70108499]
  [ -28.86152512  -31.0809863   -33.33573193  -26.52013593]
  [ -28.25015355  -28.27575547  -33.66145692  -26.32981197]
  [ -26.41583484  -26.84373094  -30.17402968  -23.19705733]
  [ -21.04289032  -25.52907201  -27.91746     -22.85129718]
  [ -23.92582812  -21.79425199  -39.67635594  -22.1056075 ]
  [ -22.93435888  -21.2739033   -24.50315417  -18.16959624]
  [ -23.50757106  -23.00907765  -23.14712558  -17.6074695 ]]

 [[ -48.71203479  -57.0867029   -59.91650729  -44.57937216]
  [ -42.24434604  -42.1855844   -99.609375    -43.65847911]
  [ -69.93744732  -42.45231106  -96.875       -47.78396244]
  [ -68.31453851  -41.93237827  -98.4375      -41.9564097 ]
  [ -35.95458211  -62.18935709  -99.95117188  -35.73726694]
  [ -62.60425856  -60.44270907  -96.875       -37.54323456]
  [ -44.89920963  -36.29801256  -99.21875     -36.77493244]
  [ -50.16046711  -59.21809504  -99.609375    -34.18607049]
  [ -59.71226697  -23.88792418  -98.4375      -28.17840183]
  [ -35.61148541  -35.62973792  -98.4375      -29.04487798]
  [ -31.53409991  -66.1727381   -98.4375      -32.66780349]
  [ -63.79535869  -30.18214241  -98.4375      -29.83953806]
  [ -31.32487342  -43.60245368  -98.4375      -29.17659868]
  [ -25.09545546  -31.68702893  -96.875       -25.88783161]
  [ -25.95405806  -33.73737844  -93.75        -27.01455537]
  [ -25.95584072  -29.42478199  -96.875       -25.93238814]
  [ -27.36831665  -60.18252476  -93.75        -22.98568681]
  [ -21.31050085  -22.1659658   -96.875       -22.18598482]
  [ -23.23102244  -23.77346444  -96.875       -24.2025897 ]
  [ -23.6057162   -23.48703849  -28.7324508   -22.99037323]]

 [[ -99.609375    -60.00686876  -70.35710842  -42.24916174]
  [   0.            0.            0.            0.        ]
  [   0.            0.            0.            0.        ]
  [   0.            0.            0.            0.        ]
  [   0.            0.            0.            0.        ]
  [   0.            0.            0.            0.        ]
  [   0.            0.            0.            0.        ]
  [   0.            0.            0.            0.        ]
  [   0.            0.            0.            0.        ]
  [   0.            0.            0.            0.        ]
  [   0.            0.            0.            0.        ]
  [   0.            0.            0.            0.        ]
  [   0.            0.            0.            0.        ]
  [   0.            0.            0.            0.        ]
  [   0.            0.            0.            0.        ]
  [   0.            0.            0.            0.        ]
  [   0.            0.            0.            0.        ]
  [   0.            0.            0.            0.        ]
  [   0.            0.            0.            0.        ]
  [ -24.7142438   -87.5         -24.91609459  -18.82935395]]]
 	 
Q Value function SARSA: [[[-100.          -22.          -21.          -22.        ]
  [   0.            0.            0.            0.        ]
  [   0.            0.            0.            0.        ]
  [   0.            0.            0.            0.        ]
  [   0.            0.            0.            0.        ]
  [   0.            0.            0.            0.        ]
  [   0.            0.            0.            0.        ]
  [   0.            0.            0.            0.        ]
  [   0.            0.            0.            0.        ]
  [   0.            0.            0.            0.        ]
  [   0.            0.            0.            0.        ]
  [   0.            0.            0.            0.        ]
  [   0.            0.            0.            0.        ]
  [   0.            0.            0.            0.        ]
  [   0.            0.            0.            0.        ]
  [   0.            0.            0.            0.        ]
  [   0.            0.            0.            0.        ]
  [   0.            0.            0.            0.        ]
  [   0.            0.            0.            0.        ]
  [   0.            0.            0.            0.        ]]

 [[ -20.          -21.          -22.          -22.        ]
  [ -19.          -21.          -21.         -100.        ]
  [ -18.          -20.          -20.         -100.        ]
  [ -17.          -19.          -19.         -100.        ]
  [ -16.          -18.          -18.         -100.        ]
  [ -15.          -17.          -17.         -100.        ]
  [ -14.          -16.          -16.         -100.        ]
  [ -13.          -15.          -15.         -100.        ]
  [ -12.          -14.          -14.         -100.        ]
  [ -11.          -13.          -13.         -100.        ]
  [ -10.          -12.          -12.         -100.        ]
  [  -9.          -11.          -11.         -100.        ]
  [  -8.          -10.          -10.         -100.        ]
  [  -7.           -9.           -9.         -100.        ]
  [  -6.           -8.           -8.         -100.        ]
  [  -5.           -7.           -7.         -100.        ]
  [  -4.           -6.           -6.         -100.        ]
  [  -3.           -5.           -5.         -100.        ]
  [  -2.           -4.           -4.         -100.        ]
  [  -2.           -3.           -3.           -1.        ]]

 [[ -21.          -21.9999994   -22.63199115  -21.        ]
  [ -20.          -22.          -21.9999243   -20.        ]
  [ -19.          -21.          -20.99999989  -19.        ]
  [ -18.          -20.          -19.99999999  -18.        ]
  [ -17.          -19.          -19.          -17.        ]
  [ -16.          -18.          -18.          -16.        ]
  [ -15.          -17.          -17.          -15.        ]
  [ -14.          -16.          -16.          -14.        ]
  [ -13.          -15.          -15.          -13.        ]
  [ -12.          -14.          -14.          -12.        ]
  [ -11.          -13.          -13.          -11.        ]
  [ -10.          -12.          -12.          -10.        ]
  [  -9.          -11.          -11.           -9.        ]
  [  -8.          -10.          -10.           -8.        ]
  [  -7.           -9.           -9.           -7.        ]
  [  -6.           -8.           -8.           -6.        ]
  [  -5.           -7.           -7.           -5.        ]
  [  -4.           -6.           -6.           -4.        ]
  [  -3.           -5.           -5.           -3.        ]
  [  -3.           -4.           -4.           -2.        ]]

 [[ -21.86956155  -22.16891514  -21.88533685  -21.90338702]
  [ -20.99997805  -22.26473253  -21.30735155  -20.99998519]
  [ -19.99999998  -21.87409639  -20.54738934  -19.99999997]
  [ -19.          -20.96990324  -20.25419967  -19.        ]
  [ -18.          -19.985406    -19.65205835  -18.        ]
  [ -17.          -18.99791936  -18.81838745  -17.        ]
  [ -16.          -17.99978442  -17.88303402  -16.        ]
  [ -15.          -16.99999966  -16.99055026  -15.        ]
  [ -14.          -15.99951197  -15.99557344  -14.        ]
  [ -13.          -14.99896919  -14.9913236   -13.        ]
  [ -12.          -13.99999556  -13.99892517  -12.        ]
  [ -11.          -12.99971121  -12.9980361   -11.        ]
  [ -10.          -11.99689772  -11.98906668  -10.        ]
  [  -9.          -10.99999035  -10.99974388   -9.        ]
  [  -8.           -9.97230145   -9.99977101   -8.        ]
  [  -7.           -8.99882606   -8.99999299   -7.        ]
  [  -6.           -7.99995777   -7.99980576   -6.        ]
  [  -5.           -6.99994843   -6.99979377   -5.        ]
  [  -4.           -5.99999873   -5.99999865   -4.        ]
  [  -4.           -5.           -4.99962421   -3.        ]]

 [[ -21.22255058  -21.73559645  -21.33237481  -21.911549  ]
  [ -20.48608749  -21.73251671  -20.71166182  -21.20612808]
  [ -20.25933502  -20.49869134  -20.01694414  -19.99384445]
  [ -19.68441085  -20.35189049  -19.7880592   -19.7850995 ]
  [ -18.89188916  -19.79801015  -18.84434042  -18.81600949]
  [ -17.93645652  -18.68816335  -17.99248254  -17.96316475]
  [ -16.9799793   -17.78237433  -17.77587331  -16.96230343]
  [ -15.99671177  -17.19761449  -17.08108154  -15.99742672]
  [ -14.99833749  -16.4790249   -16.11420234  -14.99973585]
  [ -13.99908224  -15.68211256  -15.12293427  -13.99964372]
  [ -12.99956174  -14.55781024  -14.3649432   -12.9997095 ]
  [ -11.99980431  -13.87722959  -13.56750835  -11.99986167]
  [ -10.99995938  -12.75246254  -12.57407568  -10.99996347]
  [  -9.99998949  -11.893431    -11.32768312   -9.99999354]
  [  -8.99999671  -10.90177567  -10.78393052   -8.99999777]
  [  -7.99999958   -9.39968813   -9.60983338   -7.99999966]
  [  -6.99999975   -8.71702859   -8.69528409   -6.99999993]
  [  -5.99999998   -7.98948746   -7.57128179   -5.99999997]
  [  -5.           -6.97117978   -6.99245815   -5.        ]
  [  -4.99670261   -5.99216941   -5.57409667   -4.        ]]

 [[ -20.58257527  -20.55532055  -20.49348476  -21.25894973]
  [ -19.96021182  -20.02286358  -20.55209433  -20.63971744]
  [ -19.57225349  -20.55366463  -19.52612399  -19.5516713 ]
  [ -19.06310612  -19.66993121  -19.02497214  -20.14563778]
  [ -18.30198343  -18.88979242  -18.58110679  -18.93796357]
  [ -17.65431259  -17.74500906  -17.58526265  -18.23050788]
  [ -17.09071877  -17.12540798  -17.18829565  -17.68352842]
  [ -16.22148262  -17.59507791  -16.19983625  -16.49415394]
  [ -15.27602305  -15.91225203  -16.08505227  -15.75607656]
  [ -14.5857238   -14.86521494  -14.74971577  -14.71941657]
  [ -13.66641173  -15.35709302  -14.15480378  -13.81637993]
  [ -12.76470053  -12.80889882  -13.57111268  -12.88143542]
  [ -11.88477515  -13.06697768  -12.34783626  -11.92470621]
  [ -10.89625234  -12.38713785  -11.29509236  -10.9881543 ]
  [  -9.9452461   -11.32230773  -11.19751466   -9.99106125]
  [  -8.96349365  -10.70613227  -10.03811835   -8.98018795]
  [  -7.9855567    -8.99251787   -9.13238388   -7.98767133]
  [  -6.99660077   -8.36642088   -8.08480489   -6.99745403]
  [  -5.99996322   -6.44927943   -6.67157515   -5.99994621]
  [  -5.0234375    -6.80815968   -6.88773828   -5.        ]]

 [[ -19.99650096  -20.25956032  -20.01569183  -20.24536948]
  [ -19.79344591  -20.15036928  -19.94517898  -19.96620143]
  [ -19.18431009  -20.20293402  -19.05758942  -19.1375463 ]
  [ -18.67394622  -19.06326477  -18.48242665  -19.21714703]
  [ -18.04964811  -18.50957951  -18.33541772  -18.16363201]
  [ -17.37063674  -18.32176702  -17.41513921  -17.88219154]
  [ -16.70470187  -17.65078082  -16.96748712  -16.80708137]
  [ -16.05266373  -16.12983871  -16.06155037  -16.60277393]
  [ -15.3533286   -15.8982201   -15.49065798  -15.90077005]
  [ -14.45082083  -15.98357236  -14.63427398  -14.96311936]
  [ -13.69359074  -14.80969851  -13.64077773  -14.04483485]
  [ -12.80458494  -13.55632962  -13.53004776  -13.20492638]
  [ -12.01579454  -12.65490044  -12.3614508   -12.38757791]
  [ -11.36744855  -11.32928387  -11.25820694  -11.47198842]
  [ -10.57436696  -10.62177769  -11.17460387  -10.64171444]
  [  -9.7028332   -10.32168985  -10.25019846   -9.78464788]
  [  -8.8277576    -8.88998441   -8.87144507   -8.85438787]
  [  -7.91899731   -8.46049047   -8.7107505    -7.94362888]
  [  -6.98804111   -7.8713345    -7.69796771   -6.98051918]
  [  -6.71192364   -6.74647604   -7.34246968   -5.99999594]]

 [[ -19.44397427  -19.66251887  -19.78724147  -19.71535434]
  [ -19.45830948  -19.40855819  -19.35482556  -19.62976276]
  [ -18.80236656  -19.11523592  -18.7316888   -18.79904517]
  [ -18.27138393  -18.53144679  -18.16886038  -18.78828104]
  [ -17.8596982   -17.70369175  -17.83102338  -17.80197029]
  [ -17.20404548  -17.38989416  -17.39292439  -17.47148599]
  [ -16.56890336  -16.83960317  -16.60563731  -17.03194509]
  [ -15.90982354  -16.28765592  -16.04594941  -16.03099708]
  [ -15.0493606   -15.15276152  -15.52383534  -15.25652324]
  [ -14.3494289   -14.44496923  -14.31572894  -14.64661919]
  [ -13.67844173  -13.91288213  -13.46727062  -13.54774709]
  [ -12.89291549  -13.94615461  -13.08981837  -13.19771033]
  [ -12.15293899  -12.09962899  -12.61646144  -12.05707058]
  [ -11.43528052  -11.62655978  -11.62537853  -11.87794466]
  [ -10.70633252  -11.13430934  -11.19460904  -10.99324685]
  [ -10.08273284  -10.46933642  -10.35350094  -10.04964381]
  [  -9.35151899  -10.56718975   -9.83810755   -9.27850004]
  [  -8.68270799   -9.34768293   -8.90470705   -8.62655023]
  [  -7.89179438   -8.60187081   -8.91686572   -7.90125764]
  [  -7.12315273   -7.13245678   -8.30244696   -6.99736896]]

 [[ -19.09442673  -19.49761435  -19.53674584  -19.57907701]
  [ -18.85589714  -19.21703231  -99.99847412  -19.67930758]
  [ -18.62576492  -18.50308315  -99.98779297  -18.33581464]
  [ -18.20085787  -18.35696638  -99.98779297  -18.15683563]
  [ -17.63278713  -17.83059129  -99.99389648  -17.47953415]
  [ -16.94063611  -17.35466116  -99.8046875   -17.33790059]
  [ -16.05447692  -17.03149073  -99.98779297  -16.62386259]
  [ -15.51238272  -15.99725604  -99.8046875   -15.74961085]
  [ -14.70877885  -15.29102638  -99.97558594  -14.99713853]
  [ -13.74485487  -14.98939494  -96.875       -14.30149644]
  [ -13.11441214  -13.74036987  -98.4375      -13.0376143 ]
  [ -12.87506964  -12.75969818  -99.8046875   -12.72455912]
  [ -12.23530476  -12.81268601  -99.609375    -12.42699385]
  [ -11.42186659  -12.10135336  -96.875       -11.83952073]
  [ -10.97866154  -11.35574506  -98.4375      -10.77829323]
  [ -10.29419706  -10.67621553  -96.875       -10.36531154]
  [  -9.58733934   -9.93914271  -99.95117188   -9.7891913 ]
  [  -8.7683173    -9.44986587  -93.75         -8.83339612]
  [  -8.40965256   -8.50623038  -98.4375       -8.55728206]
  [  -8.23709917   -8.25338167   -8.11362505   -7.91043904]]

 [[ -99.90234375  -18.99634043  -19.04294467  -19.39837319]
  [   0.            0.            0.            0.        ]
  [   0.            0.            0.            0.        ]
  [   0.            0.            0.            0.        ]
  [   0.            0.            0.            0.        ]
  [   0.            0.            0.            0.        ]
  [   0.            0.            0.            0.        ]
  [   0.            0.            0.            0.        ]
  [   0.            0.            0.            0.        ]
  [   0.            0.            0.            0.        ]
  [   0.            0.            0.            0.        ]
  [   0.            0.            0.            0.        ]
  [   0.            0.            0.            0.        ]
  [   0.            0.            0.            0.        ]
  [   0.            0.            0.            0.        ]
  [   0.            0.            0.            0.        ]
  [   0.            0.            0.            0.        ]
  [   0.            0.            0.            0.        ]
  [   0.            0.            0.            0.        ]
  [  -8.15148926  -93.75         -8.375        -8.30285215]]]
 	 
