n_eps = 500	 alpha = 0.5	 world size = 5,10
route SARSA:[[0, 0], [1, 0], [2, 0], [3, 0], [3, 1], [3, 2], [3, 3], [2, 3], [2, 4], [2, 5], [2, 6], [2, 7], [2, 8], [2, 9], [1, 9], [0, 9]]
route Q-Learn:[[0, 0], [1, 0], [1, 1], [1, 2], [1, 3], [1, 4], [1, 5], [1, 6], [1, 7], [1, 8], [1, 9], [0, 9]]
Q Value function SARSA: [[[-100.          -83.93800247  -79.24522609  -92.96983081]
  [   0.            0.            0.            0.        ]
  [   0.            0.            0.            0.        ]
  [   0.            0.            0.            0.        ]
  [   0.            0.            0.            0.        ]
  [   0.            0.            0.            0.        ]
  [   0.            0.            0.            0.        ]
  [   0.            0.            0.            0.        ]
  [   0.            0.            0.            0.        ]
  [   0.            0.            0.            0.        ]]

 [[ -93.39406146  -84.65339971  -74.19030068  -82.95685126]
  [ -81.07851056  -81.17315989  -80.33380175 -100.        ]
  [ -67.34428254  -68.81717673  -68.82501955 -100.        ]
  [ -70.26259061  -67.47539647  -45.9325017  -100.        ]
  [ -49.00654939  -70.19705018  -67.74279433  -99.99999991]
  [ -61.27750102  -61.54229085  -42.03924449  -99.99999702]
  [ -52.75991233  -47.37910126  -43.22928959  -99.99997616]
  [  -5.33060742  -74.37729852  -20.97148808  -99.99961853]
  [  -3.18205955  -16.86490215  -14.76814569  -99.99923706]
  [  -4.36074556   -4.85686183   -5.74960394   -1.        ]]

 [[ -81.00611797  -80.4764378   -74.76652268  -86.49638523]
  [ -71.07784082  -80.65637937  -82.77492917  -81.23333812]
  [ -58.79470381  -74.90918849  -64.51551463  -68.59908444]
  [ -59.83166335  -69.09820592  -66.89163692  -61.55404115]
  [ -53.5124568   -58.85785258  -76.39276325  -61.33410937]
  [ -28.55791258  -57.96719826  -41.9989408   -81.24956799]
  [  -9.53912649  -41.41842785  -47.87925066  -45.82538558]
  [  -7.43986343  -44.26001562  -39.00526601  -54.16391795]
  [  -6.62471444  -29.81742053  -18.09953934  -47.75257183]
  [  -6.28643519  -10.67516692   -6.80257008   -3.55035903]]

 [[ -73.8846926   -80.48828775  -80.59941363  -78.36035857]
  [ -65.71379243  -79.40737513  -99.99999963  -79.85441979]
  [ -55.48708489  -71.59743504 -100.          -72.19898169]
  [ -77.47918165  -67.43900256  -99.99997616  -56.37165154]
  [ -68.3560824   -53.8856129   -99.99999963  -57.71779127]
  [ -32.53170188  -66.90367889  -99.99998808  -41.98832519]
  [ -18.35692673  -45.20149716  -99.99995232  -28.49581861]
  [  -8.31581811  -29.02300568  -99.99389648  -25.68082379]
  [ -10.30884495  -17.06693953  -99.609375    -44.59324173]
  [ -14.59889693  -18.52915697  -17.0328119    -4.89851024]]

 [[ -99.99847412  -85.74640009  -85.94663214  -80.62365329]
  [   0.            0.            0.            0.        ]
  [   0.            0.            0.            0.        ]
  [   0.            0.            0.            0.        ]
  [   0.            0.            0.            0.        ]
  [   0.            0.            0.            0.        ]
  [   0.            0.            0.            0.        ]
  [   0.            0.            0.            0.        ]
  [   0.            0.            0.            0.        ]
  [ -17.24328613  -93.75        -22.13960771  -14.55299325]]]
 	 
Q Value function SARSA: [[[-100.          -12.          -11.          -12.        ]
  [   0.            0.            0.            0.        ]
  [   0.            0.            0.            0.        ]
  [   0.            0.            0.            0.        ]
  [   0.            0.            0.            0.        ]
  [   0.            0.            0.            0.        ]
  [   0.            0.            0.            0.        ]
  [   0.            0.            0.            0.        ]
  [   0.            0.            0.            0.        ]
  [   0.            0.            0.            0.        ]]

 [[ -10.          -11.          -12.          -12.        ]
  [  -9.          -11.          -11.         -100.        ]
  [  -8.          -10.          -10.         -100.        ]
  [  -7.           -9.           -9.         -100.        ]
  [  -6.           -8.           -8.         -100.        ]
  [  -5.           -7.           -7.         -100.        ]
  [  -4.           -6.           -6.         -100.        ]
  [  -3.           -5.           -5.         -100.        ]
  [  -2.           -4.           -4.         -100.        ]
  [  -2.           -3.           -3.           -1.        ]]

 [[ -11.          -11.89259143  -11.98727533  -11.        ]
  [ -10.          -11.99998666  -11.84571182  -10.        ]
  [  -9.          -10.99801852  -10.95724036   -9.        ]
  [  -8.           -9.99995504   -9.94164643   -8.        ]
  [  -7.           -8.99964705   -8.99272099   -7.        ]
  [  -6.           -7.99999549   -7.99817312   -6.        ]
  [  -5.           -6.99990796   -6.99810927   -5.        ]
  [  -4.           -5.99990827   -5.99374294   -4.        ]
  [  -3.           -4.99744153   -4.99679123   -3.        ]
  [  -2.99984741   -3.99990826   -3.99998568   -2.        ]]

 [[ -11.44215039  -11.79051595  -11.37729972  -11.60840833]
  [ -10.93395466  -11.37685355  -99.8046875   -10.92228003]
  [  -9.98981088  -10.21611489  -98.4375       -9.98690181]
  [  -8.99359482  -10.67520278  -99.90234375   -8.99662673]
  [  -7.99775638   -9.76164611  -98.4375       -7.99807977]
  [  -6.99944522   -7.07467824  -99.609375     -6.99986489]
  [  -5.99989859   -7.791063    -99.609375     -5.99987296]
  [  -4.99997261   -6.59198259  -96.875        -4.99997469]
  [  -3.99999081   -5.97972752  -87.5          -3.99999373]
  [  -3.98643058   -4.94296285   -3.65234375   -3.        ]]

 [[ -87.5         -11.21144193  -11.32425885  -11.63458993]
  [   0.            0.            0.            0.        ]
  [   0.            0.            0.            0.        ]
  [   0.            0.            0.            0.        ]
  [   0.            0.            0.            0.        ]
  [   0.            0.            0.            0.        ]
  [   0.            0.            0.            0.        ]
  [   0.            0.            0.            0.        ]
  [   0.            0.            0.            0.        ]
  [  -3.6875      -50.           -3.5          -3.69009655]]]
 	 
