n_eps = 500	 alpha = 0.5	 world size = 10,20
route SARSA:[[0, 0], [1, 0], [2, 0], [3, 0], [3, 1], [3, 2], [3, 3], [3, 4], [3, 5], [3, 6], [4, 6], [4, 7], [4, 8], [4, 9], [4, 10], [4, 11], [4, 12], [4, 13], [4, 14], [3, 14], [3, 15], [3, 16], [3, 17], [3, 18], [3, 19], [2, 19], [1, 19], [0, 19]]
route Q-Learn:[[0, 0], [1, 0], [1, 1], [1, 2], [1, 3], [1, 4], [1, 5], [1, 6], [1, 7], [1, 8], [1, 9], [1, 10], [1, 11], [1, 12], [1, 13], [1, 14], [1, 15], [1, 16], [1, 17], [1, 18], [1, 19], [0, 19]]
Q Value function SARSA: [[[-100.          -56.84326863  -49.12475268  -57.45314238]
  [   0.            0.            0.            0.        ]
  [   0.            0.            0.            0.        ]
  [   0.            0.            0.            0.        ]
  [   0.            0.            0.            0.        ]
  [   0.            0.            0.            0.        ]
  [   0.            0.            0.            0.        ]
  [   0.            0.            0.            0.        ]
  [   0.            0.            0.            0.        ]
  [   0.            0.            0.            0.        ]
  [   0.            0.            0.            0.        ]
  [   0.            0.            0.            0.        ]
  [   0.            0.            0.            0.        ]
  [   0.            0.            0.            0.        ]
  [   0.            0.            0.            0.        ]
  [   0.            0.            0.            0.        ]
  [   0.            0.            0.            0.        ]
  [   0.            0.            0.            0.        ]
  [   0.            0.            0.            0.        ]
  [   0.            0.            0.            0.        ]]

 [[ -63.68494932  -51.82506794  -48.29335956  -59.12309081]
  [ -66.89061082  -49.67270243  -45.58570628  -99.99999404]
  [ -47.6471905   -60.0227765   -43.31305282  -99.99389648]
  [ -73.05607131  -74.76088598  -46.59724308  -96.875     ]
  [ -45.89880298  -44.27220456  -38.76651881  -99.609375  ]
  [ -50.69355981  -38.87737757  -37.68277616  -99.21875   ]
  [ -53.05508442  -44.30498603  -36.86375154  -99.609375  ]
  [ -34.70691804  -42.82115003  -39.36929352  -99.21875   ]
  [ -43.63194837  -46.61586635  -34.59571963  -87.5       ]
  [ -28.33464634  -28.78818872  -30.37534691  -99.90234375]
  [ -41.41589453  -28.79332039  -29.14197337  -93.75      ]
  [ -34.13454193  -26.37493736  -27.48493731  -99.609375  ]
  [ -37.8894554   -29.2071632   -25.40602932  -96.875     ]
  [ -40.43585453  -27.68219898  -23.8344752   -96.875     ]
  [ -25.40686006  -32.95759059  -20.55296876  -96.875     ]
  [ -21.53951444  -25.40890891  -25.64008866  -93.75      ]
  [ -14.02764697  -28.35368818  -15.84715254  -96.875     ]
  [ -23.2200092   -66.37552538   -7.63915548  -99.609375  ]
  [  -2.00322665  -36.28708776  -10.43474944  -99.99961853]
  [  -2.57402299   -3.86778093   -6.12838749   -1.        ]]

 [[ -61.10199355  -48.8707634   -46.82118857  -50.46671995]
  [ -51.46728475  -48.59532819  -43.75642118  -66.9086074 ]
  [ -49.21182781  -46.95628082  -41.77177387  -47.10192271]
  [ -43.69350717  -43.8438423   -40.34198514  -54.3414884 ]
  [ -45.57558808  -41.50338581  -37.79672029  -42.95036812]
  [ -36.90493591  -39.11777833  -42.42278534  -44.12657437]
  [ -35.48167757  -37.54586975  -35.86341201  -43.96615234]
  [ -35.53731401  -35.63813943  -35.55692807  -70.83208547]
  [ -48.16823076  -35.6745691   -32.71024469  -48.89348127]
  [ -31.34905021  -33.3159496   -31.35110549  -36.66600976]
  [ -45.27174925  -31.33188911  -28.36674448  -30.85071819]
  [ -33.52384057  -29.924575    -27.03268224  -43.1027922 ]
  [ -20.08420842  -28.13563691  -25.51700401  -40.52560789]
  [ -18.5231542   -25.99810359  -24.14734991  -26.48337906]
  [ -22.6605908   -22.8857565   -17.88170393  -25.64917688]
  [ -19.3284684   -24.18888666  -19.35229009  -25.87556913]
  [  -7.64941355  -20.56963098  -14.85519973  -23.05816039]
  [  -5.07022176  -12.57035117  -14.40770361   -9.53871435]
  [  -7.20528157  -11.26265786  -11.65422123   -3.14645115]
  [  -6.21535598  -12.11515147   -9.74557527   -2.09043286]]

 [[ -45.36962499  -47.24236107  -46.63160643  -49.25218282]
  [ -43.77786727  -47.19881154  -46.39673523  -67.37129772]
  [ -42.423395    -45.99508794  -44.33990383  -44.49537564]
  [ -41.59753202  -43.06896957  -43.6062988   -41.9171331 ]
  [ -37.45267421  -41.14586702  -38.81809259  -40.36680382]
  [ -35.89215003  -39.87667687  -38.68443896  -38.59332179]
  [ -34.82133994  -37.1725152   -32.73568438  -36.77607319]
  [ -31.43590858  -36.50405784  -35.84234779  -39.48683338]
  [ -31.40464264  -35.61412668  -29.91459096  -34.72280452]
  [ -29.69733695  -33.19638323  -31.27849869  -31.8490914 ]
  [ -28.99475929  -31.68768217  -25.69762726  -31.12390681]
  [ -28.86253671  -27.53701109  -25.2566691   -32.59568475]
  [ -17.55570694  -26.6447048   -25.13980879  -23.71913096]
  [ -17.6643075   -23.8965695   -19.53100128  -26.61580526]
  [ -15.75289225  -20.29674293  -21.02524255  -21.397683  ]
  [ -11.64302717  -19.06372564  -16.35910729  -24.93756019]
  [ -11.8515024   -16.77192997  -15.02077358  -17.00550071]
  [  -8.94153334  -12.61638795  -12.37535702  -11.23233479]
  [  -9.07464839  -13.18186761  -11.81502945  -11.77678692]
  [  -7.98049217  -11.8907784   -11.06074882   -3.49605603]]

 [[ -46.41467672  -46.0014574   -45.6808058   -46.26863224]
  [ -44.13801639  -45.8175693   -46.0406675   -46.61516925]
  [ -42.37190561  -46.45556237  -43.09219768  -43.75871163]
  [ -39.73131606  -44.08240369  -41.57338612  -42.15037774]
  [ -38.84724159  -44.5085981   -40.33640331  -39.93064478]
  [ -36.79057549  -39.9717315   -38.38401155  -38.92332425]
  [ -30.69263448  -38.62342286  -35.44105282  -37.53988177]
  [ -28.75169189  -36.27551467  -35.04457182  -33.17073006]
  [ -27.51868985  -34.88913591  -33.33773668  -33.93815118]
  [ -28.01590988  -32.15383559  -29.47794787  -31.39463333]
  [ -26.09128981  -32.05823766  -28.58867634  -27.32739367]
  [ -24.71989737  -28.55927783  -24.83706123  -27.41743935]
  [ -18.82673238  -27.62975269  -25.46233524  -20.54067817]
  [ -16.63294589  -22.13852466  -23.29893198  -25.39720281]
  [ -17.8445687   -21.60359529  -20.79557324  -14.58272063]
  [ -13.10142642  -19.85460914  -19.04292481  -17.13880169]
  [ -13.44508157  -17.10379963  -19.67526272  -11.84337368]
  [ -11.19791283  -14.28877298  -15.83911351  -13.52462297]
  [ -11.40488358  -11.27961309  -11.65512699   -8.70280184]
  [ -12.33645519  -11.81730645  -11.87464617  -13.86592418]]

 [[ -44.96484024  -45.55674767  -44.88426842  -45.26568111]
  [ -43.02103617  -44.70144268  -44.79769503  -46.27420524]
  [ -40.47599797  -44.07457978  -43.63052831  -43.83162791]
  [ -38.94963449  -43.24366183  -42.24286168  -44.10510568]
  [ -35.93395771  -40.70274075  -39.42587862  -42.53092758]
  [ -34.12784545  -39.68014109  -37.26632712  -38.96153321]
  [ -32.93176324  -39.36730241  -35.59382724  -34.75319434]
  [ -34.85969892  -35.65556119  -35.53200723  -30.40987933]
  [ -30.75592986  -36.17251066  -33.1184917   -34.46648715]
  [ -27.03144376  -33.06470583  -31.34883979  -30.09108268]
  [ -23.95444535  -30.33568171  -30.01705458  -27.54225251]
  [ -22.39082648  -29.46121347  -26.95309408  -25.27170115]
  [ -21.72080454  -25.1852937   -27.52524415  -20.76423915]
  [ -21.49631222  -24.72462317  -24.517247    -23.04782478]
  [ -18.07338836  -22.98498675  -22.8256111   -19.12751805]
  [ -15.60161276  -23.1775843   -22.1916555   -16.02515017]
  [ -13.20329339  -20.44176352  -23.10669902  -17.65077724]
  [ -16.1039626   -17.13299157  -20.48475355  -14.34689502]
  [ -15.80249919  -19.33711997  -20.09125826  -10.90636178]
  [ -14.80955581  -15.06982167  -21.15897916  -12.00005183]]

 [[ -44.3163363   -44.60221412  -44.29894402  -43.95541276]
  [ -43.80087474  -44.37412614  -44.31429336  -44.7473248 ]
  [ -41.8443595   -43.69817128  -43.41271119  -43.59341822]
  [ -39.84733683  -42.8087533   -46.45694824  -43.0562965 ]
  [ -37.39083496  -44.50044276  -41.27687873  -41.66872938]
  [ -36.94077332  -40.94004464  -42.93999091  -39.41297833]
  [ -34.94729721  -38.74514039  -38.18749259  -36.91941402]
  [ -40.63152529  -37.30592888  -35.43805718  -36.34543805]
  [ -29.27781094  -35.21186087  -42.03090896  -32.94625066]
  [ -29.42262347  -33.21830081  -32.30942513  -30.10623422]
  [ -27.15218421  -32.50016022  -40.22612974  -31.39074352]
  [ -24.23090945  -30.78804376  -29.73949657  -24.87201221]
  [ -30.37495697  -28.48426485  -31.05173248  -23.20891527]
  [ -20.63028262  -28.2610601   -26.79410053  -24.22979824]
  [ -22.65259374  -24.97225323  -25.49924809  -21.67993222]
  [ -21.50362217  -24.52876022  -24.00595672  -23.00487056]
  [ -17.48474296  -22.83205247  -27.13144097  -23.43532971]
  [ -17.68566719  -22.23001549  -20.16961334  -15.88232528]
  [ -20.83690319  -21.94998652  -17.66114206  -11.47459752]
  [ -20.60689832  -21.04113183  -20.60563204  -16.68677567]]

 [[ -44.72687354  -43.99659455  -42.48183878  -44.64702498]
  [ -44.13686339  -44.64962397  -70.75006477  -44.448688  ]
  [ -43.48805647  -43.96158407  -70.00327434  -44.16234855]
  [ -48.34397523  -43.49781132  -67.58653757  -42.76551497]
  [ -45.89999324  -42.68267096  -45.75962757  -41.24993231]
  [ -38.77783786  -41.1028524   -44.94871742  -39.46004365]
  [ -37.34131566  -37.62239792  -35.44516391  -37.93252354]
  [ -36.67878949  -35.61947439  -45.43690334  -34.7348476 ]
  [ -33.7890265   -37.3052987   -43.19651244  -33.03589847]
  [ -32.95700571  -32.74122838  -42.3692335   -30.92725358]
  [ -35.53612884  -32.55308686  -32.9042281   -28.88780065]
  [ -30.84880901  -35.12697774  -46.65970442  -30.93064419]
  [ -25.77326079  -29.41488621  -32.73702038  -26.11337429]
  [ -25.54541383  -27.31701713  -33.32775272  -23.26609936]
  [ -24.29057045  -27.28861561  -24.85493381  -24.6828341 ]
  [ -26.7885175   -24.68807373  -32.53663268  -23.06075163]
  [ -23.49345901  -27.15368692  -35.36689988  -21.57413676]
  [ -20.41011737  -24.02816335  -20.00179466  -15.91967526]
  [ -20.77666788  -20.44993033  -22.81271035  -13.94829808]
  [ -21.44627132  -24.56822498  -18.35573207  -20.68740376]]

 [[ -42.56238432  -42.93582973  -71.40682467  -44.22563859]
  [ -41.81223306  -42.73095526  -99.609375    -41.28581457]
  [ -39.81203212  -69.35198204  -98.4375      -41.92933524]
  [ -38.48993319  -39.8660123   -96.875       -40.40904272]
  [ -37.66932611  -38.55708684  -99.90234375  -41.92025411]
  [ -43.78614536  -60.44270907  -98.4375      -39.02616084]
  [ -35.23996279  -37.11354172  -99.21875     -34.77157599]
  [ -74.79898356  -51.15557932  -98.4375      -33.47698141]
  [ -24.67453393  -23.88792418  -99.21875     -22.2600895 ]
  [ -35.61148541  -35.62973792  -93.75        -30.95926764]
  [ -31.53409991  -34.47047619  -96.875       -30.10100169]
  [ -27.01274928  -28.77199267  -99.21875     -28.63452759]
  [ -31.32487342  -43.60245368  -96.875       -27.48356116]
  [ -25.02273528  -31.68702893  -96.875       -25.70425618]
  [ -23.71972719  -41.46798002  -93.75        -25.38063049]
  [ -58.65149306  -32.46893349  -93.75        -24.13803197]
  [ -27.36831665  -21.75074838  -96.875       -21.28849411]
  [ -21.16015625  -19.16288949  -93.75        -20.31119003]
  [ -17.91291122  -23.77346444  -98.4375      -18.54143104]
  [ -17.97920425  -57.20479439  -24.60345051  -21.39677573]]

 [[ -99.8046875   -55.71748339  -69.97287184  -37.61496013]
  [   0.            0.            0.            0.        ]
  [   0.            0.            0.            0.        ]
  [   0.            0.            0.            0.        ]
  [   0.            0.            0.            0.        ]
  [   0.            0.            0.            0.        ]
  [   0.            0.            0.            0.        ]
  [   0.            0.            0.            0.        ]
  [   0.            0.            0.            0.        ]
  [   0.            0.            0.            0.        ]
  [   0.            0.            0.            0.        ]
  [   0.            0.            0.            0.        ]
  [   0.            0.            0.            0.        ]
  [   0.            0.            0.            0.        ]
  [   0.            0.            0.            0.        ]
  [   0.            0.            0.            0.        ]
  [   0.            0.            0.            0.        ]
  [   0.            0.            0.            0.        ]
  [   0.            0.            0.            0.        ]
  [ -24.7142438   -87.5         -31.8614511   -16.97073808]]]
 	 
Q Value function SARSA: [[[-100.          -22.          -21.          -22.        ]
  [   0.            0.            0.            0.        ]
  [   0.            0.            0.            0.        ]
  [   0.            0.            0.            0.        ]
  [   0.            0.            0.            0.        ]
  [   0.            0.            0.            0.        ]
  [   0.            0.            0.            0.        ]
  [   0.            0.            0.            0.        ]
  [   0.            0.            0.            0.        ]
  [   0.            0.            0.            0.        ]
  [   0.            0.            0.            0.        ]
  [   0.            0.            0.            0.        ]
  [   0.            0.            0.            0.        ]
  [   0.            0.            0.            0.        ]
  [   0.            0.            0.            0.        ]
  [   0.            0.            0.            0.        ]
  [   0.            0.            0.            0.        ]
  [   0.            0.            0.            0.        ]
  [   0.            0.            0.            0.        ]
  [   0.            0.            0.            0.        ]]

 [[ -20.          -21.          -22.          -22.        ]
  [ -19.          -21.          -21.         -100.        ]
  [ -18.          -20.          -20.         -100.        ]
  [ -17.          -19.          -19.         -100.        ]
  [ -16.          -18.          -18.         -100.        ]
  [ -15.          -17.          -17.         -100.        ]
  [ -14.          -16.          -16.         -100.        ]
  [ -13.          -15.          -15.         -100.        ]
  [ -12.          -14.          -14.         -100.        ]
  [ -11.          -13.          -13.         -100.        ]
  [ -10.          -12.          -12.         -100.        ]
  [  -9.          -11.          -11.         -100.        ]
  [  -8.          -10.          -10.         -100.        ]
  [  -7.           -9.           -9.         -100.        ]
  [  -6.           -8.           -8.         -100.        ]
  [  -5.           -7.           -7.         -100.        ]
  [  -4.           -6.           -6.         -100.        ]
  [  -3.           -5.           -5.         -100.        ]
  [  -2.           -4.           -4.         -100.        ]
  [  -2.           -3.           -3.           -1.        ]]

 [[ -21.          -21.99999518  -22.66588275  -21.        ]
  [ -20.          -22.          -21.99902987  -20.        ]
  [ -19.          -21.          -20.99999063  -19.        ]
  [ -18.          -20.          -19.99999999  -18.        ]
  [ -17.          -19.          -19.          -17.        ]
  [ -16.          -18.          -18.          -16.        ]
  [ -15.          -17.          -17.          -15.        ]
  [ -14.          -16.          -16.          -14.        ]
  [ -13.          -15.          -15.          -13.        ]
  [ -12.          -14.          -14.          -12.        ]
  [ -11.          -13.          -13.          -11.        ]
  [ -10.          -12.          -12.          -10.        ]
  [  -9.          -11.          -11.           -9.        ]
  [  -8.          -10.          -10.           -8.        ]
  [  -7.           -9.           -9.           -7.        ]
  [  -6.           -8.           -8.           -6.        ]
  [  -5.           -7.           -7.           -5.        ]
  [  -4.           -6.           -6.           -4.        ]
  [  -3.           -5.           -5.           -3.        ]
  [  -3.           -4.           -4.           -2.        ]]

 [[ -21.70351593  -22.04085216  -21.81899133  -21.90338702]
  [ -20.99963443  -21.08463067  -21.11998175  -20.99976305]
  [ -19.99999895  -21.50098705  -20.34693691  -19.99999786]
  [ -19.          -20.9919757   -19.93259062  -19.        ]
  [ -18.          -19.99814598  -18.5739193   -18.        ]
  [ -17.          -18.96695847  -18.59250325  -17.        ]
  [ -16.          -17.99828236  -17.82925092  -16.        ]
  [ -15.          -16.9998259   -16.91564274  -15.        ]
  [ -14.          -15.98438642  -15.98923956  -14.        ]
  [ -13.          -14.93403196  -14.97806572  -13.        ]
  [ -12.          -13.99091725  -13.92411861  -12.        ]
  [ -11.          -12.99884484  -12.99401934  -11.        ]
  [ -10.          -11.99922443  -11.98822835  -10.        ]
  [  -9.          -10.99992278  -10.99909872   -9.        ]
  [  -8.           -9.99826884   -9.99825264   -8.        ]
  [  -7.           -8.99999971   -8.99999248   -7.        ]
  [  -6.           -7.99999472   -7.99999832   -6.        ]
  [  -5.           -6.98679922   -6.99979363   -5.        ]
  [  -4.           -5.99991877   -5.99999966   -4.        ]
  [  -3.9999986    -5.           -4.99999413   -3.        ]]

 [[ -21.12073413  -21.36330343  -21.16317479  -22.45064975]
  [ -20.56670067  -20.5501273   -20.7429877   -20.47291575]
  [ -19.82660481  -20.9162803   -19.98228203  -19.99384445]
  [ -19.21422249  -19.97463703  -19.31901367  -19.57041037]
  [ -18.44502595  -18.63874461  -18.75666211  -18.63203276]
  [ -17.81877557  -18.39980395  -18.11863001  -17.85274866]
  [ -16.94991571  -17.78237433  -17.47227062  -16.96230187]
  [ -15.9780472   -17.25817785  -16.40547465  -15.98970689]
  [ -14.99382954  -16.00256006  -15.30061989  -14.99577306]
  [ -13.99562912  -15.39803682  -15.16143457  -13.99857489]
  [ -12.99776084  -14.12402615  -14.40123151  -12.99883805]
  [ -11.99896934  -13.93667599  -13.10131008  -11.99889335]
  [ -10.99942494  -12.51801599  -12.77333914  -10.99970775]
  [  -9.99995595  -11.78881265  -11.62001942   -9.99994829]
  [  -8.99999164  -10.97485671  -10.67667613   -8.9999911 ]
  [  -7.99999934   -9.39968813   -9.81819336   -7.99999966]
  [  -6.99999995   -8.92925486   -8.91277173   -6.99999993]
  [  -5.99999999   -7.9894798    -7.57325864   -6.        ]
  [  -5.           -6.97118073   -6.99946491   -5.        ]
  [  -4.99340521   -5.9999847    -5.94676208   -4.        ]]

 [[ -20.75274509  -21.04487278  -20.56289958  -20.95182924]
  [ -20.04187537  -20.74323919  -20.22290776  -20.62998255]
  [ -19.61719647  -19.69006627  -19.364578    -19.61300286]
  [ -18.84567354  -19.23381892  -19.27001408  -18.78951896]
  [ -18.18114005  -18.8284686   -18.16363201  -18.75860384]
  [ -17.57951774  -17.74500906  -17.64160944  -17.89291425]
  [ -16.92543364  -17.63552434  -17.0724315   -17.44521381]
  [ -16.00898238  -17.3764254   -16.52673354  -16.08545259]
  [ -15.20800892  -15.91225203  -15.46221777  -15.15955071]
  [ -14.51865302  -14.86521494  -14.74971577  -14.73042123]
  [ -13.69823819  -14.719574    -13.72371873  -13.63745882]
  [ -12.79208887  -13.68442967  -13.0259372   -12.88109059]
  [ -11.89361749  -12.48907808  -12.05572755  -11.9271935 ]
  [ -10.9447226   -12.25965548  -11.29509236  -10.97605755]
  [  -9.96828882  -10.80618033  -10.22453409   -9.98214454]
  [  -8.9920223   -10.5629963   -10.03213502   -8.99006683]
  [  -7.99804665   -8.99251787   -8.5151953    -7.99691591]
  [  -6.99945623   -8.36642088   -7.2617754    -6.99968101]
  [  -5.99998162   -7.61008494   -7.64625231   -5.99997304]
  [  -5.51171874   -6.61657344   -6.97192849   -5.        ]]

 [[ -19.99650096  -20.22897111  -19.90259667  -20.72671317]
  [ -19.74278097  -19.60235665  -19.3566991   -20.4167705 ]
  [ -19.2013738   -19.04000923  -19.23615425  -19.6217949 ]
  [ -18.6035705   -18.90171879  -18.91214207  -18.6714955 ]
  [ -17.87084555  -18.71286999  -17.93499954  -18.62372263]
  [ -17.06455713  -18.35210726  -17.60111796  -17.72666973]
  [ -16.52601662  -17.56572053  -16.75288349  -16.80708137]
  [ -15.97631875  -16.12983871  -16.2506038   -16.65404766]
  [ -15.16976526  -15.9629362   -15.11418194  -15.7119018 ]
  [ -14.34489738  -14.379123    -14.82964353  -14.37414852]
  [ -13.48138867  -14.3663908   -13.64077773  -13.53442783]
  [ -12.71504665  -12.65592823  -12.8884881   -13.14813013]
  [ -12.01579454  -12.65490044  -11.89412322  -12.19837564]
  [ -11.21305558  -11.32928387  -11.25820694  -11.53865665]
  [ -10.52184152  -10.62177769  -10.72560201  -10.44372882]
  [  -9.67716195  -10.86924024   -9.73893168   -9.8094998 ]
  [  -8.7274315    -9.76442174   -8.87144507   -8.86678831]
  [  -7.91447712   -8.46049047   -7.90783437   -7.89234866]
  [  -6.98804112   -8.37403784   -7.69796771   -6.98047965]
  [  -6.71192364   -6.74647604   -7.34246968   -5.99999797]]

 [[ -19.4420697   -19.16251887  -19.66616821  -19.62742529]
  [ -18.87895725  -19.38652949  -18.78113711  -19.55930529]
  [ -18.97053584  -19.11523592  -18.85698607  -18.79904517]
  [ -18.36491454  -18.62146443  -18.48955953  -18.78828104]
  [ -17.78971115  -17.70369175  -17.83102338  -17.80197029]
  [ -17.15507769  -17.38989416  -17.33790059  -17.76255657]
  [ -16.37908864  -17.41328411  -16.60563731  -16.88975901]
  [ -15.89138921  -16.28765592  -15.7398362   -15.93873766]
  [ -15.01249194  -15.15276152  -15.39352477  -15.64579601]
  [ -14.33487423  -14.44496923  -14.53029191  -14.60407611]
  [ -13.51614465  -14.57223466  -13.79084138  -13.54774709]
  [ -12.65519398  -13.4250386   -13.08981837  -12.59412801]
  [ -11.92131498  -12.09962899  -11.82877839  -12.05707058]
  [ -11.07383804  -11.62655978  -11.62537853  -11.54283375]
  [ -10.56225958  -11.13430934  -10.62360573  -10.54276488]
  [  -9.78508645  -10.46933642  -10.37410167  -10.04964381]
  [  -9.29031165   -9.18650858   -9.18169923   -9.27850004]
  [  -8.58266883   -8.51366663   -8.90470705   -8.59543416]
  [  -7.78883462   -8.51275119   -8.23487651   -7.82642493]
  [  -7.12315273   -7.13245678   -7.77876997   -6.99475413]]

 [[ -19.08131144  -19.50610314  -19.07715126  -19.55122329]
  [ -18.55479856  -19.21703231  -99.99847412  -19.07884587]
  [ -18.48358718  -18.50308315  -99.97558594  -18.99132431]
  [ -18.22438549  -18.84639051  -99.99389648  -18.28221295]
  [ -17.63436215  -18.11141457  -99.99694824  -17.47953415]
  [ -16.83624542  -17.80412673  -99.609375    -17.40525901]
  [ -16.20326977  -16.33993369  -99.97558594  -16.56590889]
  [ -15.51238272  -15.99725604  -99.8046875   -15.74961085]
  [ -14.83660165  -15.29102638  -99.90234375  -14.99713853]
  [ -13.89123459  -14.98939494  -98.4375      -14.30149644]
  [ -13.34069578  -13.74036987  -98.4375      -13.75244246]
  [ -12.71021146  -12.75969818  -99.8046875   -12.72455912]
  [ -12.09986952  -11.97510227  -99.609375    -11.85641119]
  [ -11.58343909  -11.34629554  -96.875       -11.37074   ]
  [ -10.96836117  -11.35574506  -98.4375      -10.77829323]
  [ -10.34311331  -10.67621553  -96.875       -10.35350094]
  [  -9.49451587   -9.93914271  -99.90234375   -9.8860632 ]
  [  -8.68016281   -9.44986587  -93.75         -8.83339612]
  [  -8.40965256   -8.50623038  -98.4375       -8.26061118]
  [  -8.23709917   -8.25338167   -8.11362505   -7.82612394]]

 [[ -99.8046875   -18.99634043  -19.04294467  -19.21758306]
  [   0.            0.            0.            0.        ]
  [   0.            0.            0.            0.        ]
  [   0.            0.            0.            0.        ]
  [   0.            0.            0.            0.        ]
  [   0.            0.            0.            0.        ]
  [   0.            0.            0.            0.        ]
  [   0.            0.            0.            0.        ]
  [   0.            0.            0.            0.        ]
  [   0.            0.            0.            0.        ]
  [   0.            0.            0.            0.        ]
  [   0.            0.            0.            0.        ]
  [   0.            0.            0.            0.        ]
  [   0.            0.            0.            0.        ]
  [   0.            0.            0.            0.        ]
  [   0.            0.            0.            0.        ]
  [   0.            0.            0.            0.        ]
  [   0.            0.            0.            0.        ]
  [   0.            0.            0.            0.        ]
  [  -8.15148926  -93.75         -8.375        -8.30285215]]]
 	 
