n_eps = 500	 alpha = 0.5	 world size = 6,30
route SARSA:[[0, 0], [0, 1], [0, 2], [0, 3], [0, 4], [0, 5], [0, 6], [0, 7], [0, 8], [0, 9], [0, 10], [0, 11], [0, 12], [0, 13], [0, 14], [0, 15], [0, 16], [0, 17], [0, 18], [0, 19], [0, 20], [0, 21], [0, 22], [0, 23], [0, 24], [0, 25], [0, 26], [0, 27], [0, 28], [0, 29]]
route Q-Learn:[[0, 0], [1, 0], [1, 1], [1, 2], [1, 3], [1, 4], [1, 5], [1, 6], [1, 7], [1, 8], [1, 9], [1, 10], [1, 11], [1, 12], [1, 13], [1, 14], [1, 15], [1, 16], [1, 17], [1, 18], [1, 19], [1, 20], [1, 21], [1, 22], [1, 23], [1, 24], [1, 25], [1, 26], [1, 27], [1, 28], [1, 29], [0, 29]]
Q Value function SARSA: [[[-100.         -101.05584277 -100.95913802 -100.91810671]
  [   0.            0.            0.            0.        ]
  [   0.            0.            0.            0.        ]
  [   0.            0.            0.            0.        ]
  [   0.            0.            0.            0.        ]
  [   0.            0.            0.            0.        ]
  [   0.            0.            0.            0.        ]
  [   0.            0.            0.            0.        ]
  [   0.            0.            0.            0.        ]
  [   0.            0.            0.            0.        ]
  [   0.            0.            0.            0.        ]
  [   0.            0.            0.            0.        ]
  [   0.            0.            0.            0.        ]
  [   0.            0.            0.            0.        ]
  [   0.            0.            0.            0.        ]
  [   0.            0.            0.            0.        ]
  [   0.            0.            0.            0.        ]
  [   0.            0.            0.            0.        ]
  [   0.            0.            0.            0.        ]
  [   0.            0.            0.            0.        ]
  [   0.            0.            0.            0.        ]
  [   0.            0.            0.            0.        ]
  [   0.            0.            0.            0.        ]
  [   0.            0.            0.            0.        ]
  [   0.            0.            0.            0.        ]
  [   0.            0.            0.            0.        ]
  [   0.            0.            0.            0.        ]
  [   0.            0.            0.            0.        ]
  [   0.            0.            0.            0.        ]
  [   0.            0.            0.            0.        ]]

 [[-100.51766837 -100.97626027  -99.95496956 -100.80712891]
  [ -97.11852957 -101.10037597 -100.48610124 -100.        ]
  [ -95.0126823   -99.31793971  -97.75015111 -100.        ]
  [ -96.8675886   -98.08996147  -93.26488763  -99.99999998]
  [ -91.53260505  -94.59794688  -93.67149635  -99.99999851]
  [ -94.45642965  -92.26785447  -90.57970204  -99.99998808]
  [ -86.01138111  -95.72845296  -88.97447349  -99.99999851]
  [ -83.72913098  -89.98903856  -85.58451114  -99.99999991]
  [ -82.37098027  -85.99672232  -84.40399463  -99.99999404]
  [ -82.87051287  -84.31233008  -81.88338331  -99.99990463]
  [ -89.04267127  -81.17676114  -81.36070324  -99.99999851]
  [ -77.21271864  -79.54764938  -79.85844557  -99.99995232]
  [ -77.82909619  -78.86155481  -75.16911921  -99.99990463]
  [ -76.92135299  -75.27560158  -74.19659903  -99.99999404]
  [ -84.20767762  -90.95351819  -73.98675696  -99.99961853]
  [ -70.67989073  -72.01092941  -69.37696163  -99.99847412]
  [ -73.15707772  -74.06231975  -73.6602062   -99.99694824]
  [ -81.85908704  -73.21460444  -69.24392367  -99.99961853]
  [ -64.48252946  -67.9983744   -62.49250236  -99.99389648]
  [ -77.68263541  -60.54537234  -63.87655706  -99.99847412]
  [ -66.82492056  -58.34976566  -58.98321792  -99.90234375]
  [ -58.75477277  -59.44965511  -51.45530001  -99.98779297]
  [ -50.5316278   -55.62560975  -43.18654178  -99.99847412]
  [ -55.38562489  -52.77062216  -42.47376429  -99.99389648]
  [ -44.19903118  -66.76319062  -40.68396194  -99.98779297]
  [ -13.93123928  -46.05641735  -29.6865152   -99.99389648]
  [ -13.361371    -32.08644336  -30.89236824  -99.609375  ]
  [  -8.87734573  -80.97117782  -15.49695891  -99.98779297]
  [  -2.569411    -17.03921505   -6.87741015  -99.99961853]
  [  -2.24727889  -11.29948197   -4.23152933   -1.        ]]

 [[ -97.93482636  -99.8386882   -99.66562493 -100.8968718 ]
  [ -97.64531591  -99.8403398   -97.46922413  -99.66578415]
  [ -93.67575241  -97.98080698  -97.42201005  -98.65266628]
  [ -93.64119179  -96.52681668  -94.44483283  -96.6196737 ]
  [ -92.4314973   -93.5361022   -92.59589434  -92.32583349]
  [ -91.92613681  -93.43551244  -87.49067056  -95.95257227]
  [ -87.97301382  -91.10112985  -89.44869362  -98.30140043]
  [ -85.30079587  -87.01737812  -85.36613067  -87.45470713]
  [ -83.19052943  -84.74889021  -84.68071178  -83.57273287]
  [ -83.21241924  -83.54949724  -87.54558548  -83.73074028]
  [ -82.98221132  -83.4502416   -82.72626552  -86.31113794]
  [ -75.80010894  -83.37463811  -79.21821225  -80.53050538]
  [ -71.42407831  -79.3946148   -78.82232619  -77.55934808]
  [ -68.96279366  -75.5892725   -75.11493143  -82.65661475]
  [ -67.95243198  -74.82235284  -75.33297005  -81.75328265]
  [ -62.63612872  -71.83888966  -73.79117452  -71.28293359]
  [ -59.76734513  -73.10416073  -71.49241173  -71.78906325]
  [ -65.97396044  -67.4634548   -61.90335945  -66.74063661]
  [ -57.33631796  -63.72163503  -63.40208836  -65.64070859]
  [ -52.51463975  -61.49020084  -55.72316273  -63.5934043 ]
  [ -47.25934508  -54.60750623  -52.98206254  -60.77236184]
  [ -46.703254    -51.39193164  -51.67718013  -66.67477506]
  [ -42.93362619  -52.13568542  -51.10911264  -45.37054727]
  [ -37.5702926   -52.28782499  -36.88727748  -42.07001   ]
  [ -38.10553825  -40.69882478  -31.96010484  -40.83338961]
  [ -39.66290811  -32.59818958  -24.06057615  -36.05705178]
  [ -24.63338263  -33.94406314  -43.88337278  -37.25510551]
  [ -31.39803117  -38.20915242  -13.02518906  -70.03416585]
  [  -3.40235418  -14.61202693  -13.24332508  -25.53279314]
  [ -10.64517526  -12.91967801  -10.54542611   -2.00072976]]

 [[ -97.74001992  -98.26014552  -98.38380363  -99.66682217]
  [ -98.13706149  -99.39342888  -97.35634153  -98.14023245]
  [ -97.4569432   -97.77757917  -96.83483734  -97.8858175 ]
  [ -95.31564613  -95.54902037  -95.40923786  -93.41081873]
  [ -88.96888861  -94.39773528  -96.03742983  -93.90282883]
  [ -86.80280388  -91.7989956   -91.07840747  -92.25721345]
  [ -86.26455247  -90.61231081  -89.72244115  -88.68230103]
  [ -85.9286054   -86.7914666   -86.60514087  -84.56498893]
  [ -83.4332263   -87.38335681  -85.78947664  -84.91163859]
  [ -83.53941742  -83.41558317  -88.70982001  -83.0503714 ]
  [ -80.84741485  -83.48773516  -85.36710776  -86.00285192]
  [ -79.36435951  -84.0506801   -79.39980569  -79.09313309]
  [ -82.87710677  -79.54643638  -79.10364566  -77.19949329]
  [ -75.61297101  -75.93937169  -82.20515941  -79.706946  ]
  [ -70.6367655   -77.92218092  -87.80864326  -77.93848758]
  [ -65.58742161  -74.04382899  -75.13394781  -73.64986362]
  [ -57.54032008  -70.3322991   -66.97360753  -70.66578184]
  [ -51.07432955  -65.95844407  -64.21243295  -69.53177984]
  [ -58.79055774  -61.36854461  -63.10346064  -62.49163125]
  [ -59.27052633  -58.79129634  -64.00936098  -56.5022206 ]
  [ -56.95407457  -58.33149559  -65.37292226  -54.05995791]
  [ -62.57621806  -54.53951966  -55.30052258  -54.08087761]
  [ -52.65647327  -54.45241681  -51.31198612  -46.11609686]
  [ -45.08411715  -42.61775801  -46.92755492  -51.97457243]
  [ -23.89697852  -40.13698322  -57.65393113  -42.40081392]
  [ -20.71950267  -27.74584157  -29.22059922  -30.33279583]
  [  -8.52657846  -28.8778664   -20.0595781   -25.88271257]
  [  -5.76479518  -20.88414809  -22.32022709  -24.79875562]
  [  -4.10904036  -17.30425122  -39.95335423  -18.60084615]
  [ -10.14242402  -11.76968348  -21.87806082   -3.00827786]]

 [[ -97.6194506   -98.10181277  -97.55535237  -98.58227349]
  [ -98.86960347  -96.84660374  -99.99999851  -96.64155095]
  [ -94.27208754  -97.32043775  -99.99999998  -96.67822484]
  [ -91.7090216   -95.44254698  -99.99999851  -96.03968694]
  [ -95.22577999  -95.00752371  -99.99999981  -91.74301457]
  [ -92.12344104  -96.00507295  -99.99999963  -89.79213573]
  [ -87.39719499  -93.52122981  -99.99990463  -88.83287376]
  [ -93.75407012  -87.7238213   -99.99999851  -85.28712927]
  [ -86.66069642  -87.38206871  -99.99998808  -83.72140701]
  [ -88.41111122  -86.92528024  -99.99997616  -84.04564701]
  [ -83.36898382  -84.73319123  -99.99999404  -79.55218454]
  [ -79.55800783  -80.08865183  -99.99999851  -79.29802948]
  [ -87.98956767  -79.40790805  -99.99990463  -79.512675  ]
  [ -85.89934903  -88.20660892  -99.99980927  -75.99533544]
  [ -71.8280548   -75.39612866  -99.99999404  -77.60615772]
  [ -67.36836901  -72.26269239  -99.99995232  -73.48327658]
  [ -61.9067429   -71.03919502  -99.99923706  -70.10477634]
  [ -68.92321978  -69.46464913  -99.99923706  -59.94147005]
  [ -73.66774156  -74.7111733   -99.99847412  -59.93638256]
  [ -71.75952034  -62.85621937  -99.98779297  -59.83859989]
  [ -74.0791984   -76.72248475  -99.99389648  -51.48998263]
  [ -76.90551487  -53.22393634  -99.99990463  -50.69100188]
  [ -55.11112396  -52.42209986  -99.99997616  -42.61149276]
  [ -50.35027049  -75.46087321  -99.8046875   -40.93131522]
  [ -43.92652342  -61.84638671  -99.99694824  -29.04653729]
  [ -34.54189662  -30.80551606  -99.90234375  -27.24892063]
  [ -36.19952547  -61.34053082  -99.95117188  -12.78465488]
  [ -29.75762793  -24.33126618  -99.21875     -14.16178922]
  [ -45.75937953  -25.51863419  -99.8046875   -12.11297583]
  [ -18.78511667  -27.31146338  -32.905841     -7.45837541]]

 [[ -99.99980927  -97.18895105  -98.97143061  -97.16914356]
  [   0.            0.            0.            0.        ]
  [   0.            0.            0.            0.        ]
  [   0.            0.            0.            0.        ]
  [   0.            0.            0.            0.        ]
  [   0.            0.            0.            0.        ]
  [   0.            0.            0.            0.        ]
  [   0.            0.            0.            0.        ]
  [   0.            0.            0.            0.        ]
  [   0.            0.            0.            0.        ]
  [   0.            0.            0.            0.        ]
  [   0.            0.            0.            0.        ]
  [   0.            0.            0.            0.        ]
  [   0.            0.            0.            0.        ]
  [   0.            0.            0.            0.        ]
  [   0.            0.            0.            0.        ]
  [   0.            0.            0.            0.        ]
  [   0.            0.            0.            0.        ]
  [   0.            0.            0.            0.        ]
  [   0.            0.            0.            0.        ]
  [   0.            0.            0.            0.        ]
  [   0.            0.            0.            0.        ]
  [   0.            0.            0.            0.        ]
  [   0.            0.            0.            0.        ]
  [   0.            0.            0.            0.        ]
  [   0.            0.            0.            0.        ]
  [   0.            0.            0.            0.        ]
  [   0.            0.            0.            0.        ]
  [   0.            0.            0.            0.        ]
  [ -42.1875      -96.875       -25.99064682  -14.17162521]]]
 	 
Q Value function SARSA: [[[-100.          -32.          -31.          -32.        ]
  [   0.            0.            0.            0.        ]
  [   0.            0.            0.            0.        ]
  [   0.            0.            0.            0.        ]
  [   0.            0.            0.            0.        ]
  [   0.            0.            0.            0.        ]
  [   0.            0.            0.            0.        ]
  [   0.            0.            0.            0.        ]
  [   0.            0.            0.            0.        ]
  [   0.            0.            0.            0.        ]
  [   0.            0.            0.            0.        ]
  [   0.            0.            0.            0.        ]
  [   0.            0.            0.            0.        ]
  [   0.            0.            0.            0.        ]
  [   0.            0.            0.            0.        ]
  [   0.            0.            0.            0.        ]
  [   0.            0.            0.            0.        ]
  [   0.            0.            0.            0.        ]
  [   0.            0.            0.            0.        ]
  [   0.            0.            0.            0.        ]
  [   0.            0.            0.            0.        ]
  [   0.            0.            0.            0.        ]
  [   0.            0.            0.            0.        ]
  [   0.            0.            0.            0.        ]
  [   0.            0.            0.            0.        ]
  [   0.            0.            0.            0.        ]
  [   0.            0.            0.            0.        ]
  [   0.            0.            0.            0.        ]
  [   0.            0.            0.            0.        ]
  [   0.            0.            0.            0.        ]]

 [[ -30.          -31.          -32.          -32.        ]
  [ -29.          -31.          -31.         -100.        ]
  [ -28.          -30.          -30.         -100.        ]
  [ -27.          -29.          -29.         -100.        ]
  [ -26.          -28.          -28.         -100.        ]
  [ -25.          -27.          -27.         -100.        ]
  [ -24.          -26.          -26.         -100.        ]
  [ -23.          -25.          -25.         -100.        ]
  [ -22.          -24.          -24.         -100.        ]
  [ -21.          -23.          -23.         -100.        ]
  [ -20.          -22.          -22.         -100.        ]
  [ -19.          -21.          -21.         -100.        ]
  [ -18.          -20.          -20.         -100.        ]
  [ -17.          -19.          -19.         -100.        ]
  [ -16.          -18.          -18.         -100.        ]
  [ -15.          -17.          -17.         -100.        ]
  [ -14.          -16.          -16.         -100.        ]
  [ -13.          -15.          -15.         -100.        ]
  [ -12.          -14.          -14.         -100.        ]
  [ -11.          -13.          -13.         -100.        ]
  [ -10.          -12.          -12.         -100.        ]
  [  -9.          -11.          -11.         -100.        ]
  [  -8.          -10.          -10.          -99.99999991]
  [  -7.           -9.           -9.         -100.        ]
  [  -6.           -8.           -7.99999996 -100.        ]
  [  -5.           -7.           -7.          -99.99999999]
  [  -4.           -6.           -6.          -99.99999998]
  [  -3.           -5.           -4.9999997   -99.99999999]
  [  -2.           -4.           -4.         -100.        ]
  [  -2.           -3.           -3.           -1.        ]]

 [[ -31.          -31.99998251  -32.97715651  -31.        ]
  [ -30.          -31.99999999  -31.99955803  -30.        ]
  [ -29.          -30.99999999  -30.99985218  -29.        ]
  [ -28.          -30.          -29.99999332  -28.        ]
  [ -27.          -29.          -28.99999726  -27.        ]
  [ -26.          -28.          -27.99999799  -26.        ]
  [ -25.          -27.          -26.9999989   -25.        ]
  [ -24.          -26.          -25.9999994   -24.        ]
  [ -23.          -25.          -24.99999988  -23.        ]
  [ -22.          -24.          -23.99999962  -22.        ]
  [ -21.          -23.          -22.99999976  -21.        ]
  [ -20.          -22.          -21.99999944  -20.        ]
  [ -19.          -21.          -20.99999989  -19.        ]
  [ -18.          -20.          -19.99999958  -18.        ]
  [ -17.          -18.99999991  -18.99999994  -17.        ]
  [ -16.          -18.          -17.99999999  -16.        ]
  [ -15.          -16.99999996  -16.99999824  -15.        ]
  [ -14.          -16.          -15.99999979  -14.        ]
  [ -13.          -15.          -14.99999932  -13.        ]
  [ -12.          -14.          -13.99999102  -12.        ]
  [ -11.          -12.99999866  -12.99999926  -11.        ]
  [ -10.          -12.          -11.99999986  -10.        ]
  [  -9.          -10.99999627  -10.99999972   -9.        ]
  [  -8.          -10.           -9.9999999    -8.        ]
  [  -7.           -8.99999992   -8.99999168   -7.        ]
  [  -6.           -7.99999999   -7.99999998   -6.        ]
  [  -5.           -7.           -6.99999996   -5.        ]
  [  -4.           -5.99988664   -5.99999966   -4.        ]
  [  -3.           -4.99999999   -4.99999769   -3.        ]
  [  -2.99999998   -4.           -4.           -2.        ]]

 [[ -31.99056611  -32.09547747  -32.11295259  -31.98699993]
  [ -30.99981674  -31.38665866  -31.26077798  -30.99990253]
  [ -29.99998526  -31.79598163  -30.27157211  -29.99998691]
  [ -28.9999983   -30.88218437  -29.51102048  -28.99999835]
  [ -27.99999929  -29.82756363  -28.50599879  -27.99999964]
  [ -26.99999951  -28.99804925  -28.26063397  -26.99999984]
  [ -25.99999981  -27.99870238  -27.59497861  -25.99999986]
  [ -24.99999987  -26.99989754  -26.7110999   -24.99999992]
  [ -23.99999991  -25.99962497  -25.6780903   -23.99999994]
  [ -22.99999993  -24.99965313  -24.87534714  -22.99999998]
  [ -21.99999994  -23.99989169  -23.9278071   -21.99999998]
  [ -20.99999996  -22.99996194  -22.9343632   -20.99999997]
  [ -19.99999997  -21.9999617   -21.96888673  -19.99999998]
  [ -18.99999998  -20.99993968  -20.98191978  -18.99999999]
  [ -17.99999999  -19.98947144  -19.98295187  -17.99999999]
  [ -17.          -18.99967275  -18.9700487   -17.        ]
  [ -16.          -17.99999624  -17.99273795  -16.        ]
  [ -15.          -16.99968399  -16.97402601  -15.        ]
  [ -14.          -15.99997069  -15.98460369  -14.        ]
  [ -13.          -14.99975593  -14.99830028  -13.        ]
  [ -12.          -13.99999938  -13.99542329  -12.        ]
  [ -11.          -12.98111075  -12.99837273  -11.        ]
  [ -10.          -11.99998571  -11.99098903  -10.        ]
  [  -9.          -10.99985643  -10.99793485   -9.        ]
  [  -8.           -9.99993271   -9.9980219    -8.        ]
  [  -7.           -8.99945201   -8.94753558   -7.        ]
  [  -6.           -7.98991455   -7.99479524   -6.        ]
  [  -5.           -6.77041166   -6.93667826   -5.        ]
  [  -4.           -5.99573316   -5.97362292   -4.        ]
  [  -3.98437425   -4.99980343   -4.99249341   -3.        ]]

 [[ -31.28370171  -31.9025441   -31.45306743  -32.01478834]
  [ -30.60054493  -31.56123127  -99.99997616  -31.55504259]
  [ -29.65296772  -30.91444167  -99.99999404  -30.44408584]
  [ -28.88253811  -28.88743736  -99.99999702  -29.53290068]
  [ -28.28531005  -28.77837749  -99.99999925  -28.51001573]
  [ -27.62206145  -28.01903518  -99.99998808  -27.84394101]
  [ -26.76762007  -27.84230295  -99.99995232  -26.83889371]
  [ -25.87454552  -26.31379222  -99.99999702  -25.91100063]
  [ -24.91910502  -25.36080603  -99.99999981  -24.96844492]
  [ -23.95015886  -24.54979964  -99.99990463  -23.99009044]
  [ -22.96106259  -24.71837564  -99.99999925  -22.98538126]
  [ -21.97574763  -23.64003681  -99.99999963  -21.99082095]
  [ -20.98897357  -22.230033    -99.99997616  -20.99244708]
  [ -19.99333346  -21.21293718  -99.99961853  -19.9935254 ]
  [ -18.99446076  -20.70289473  -99.99694824  -18.99451171]
  [ -17.99546429  -19.93282435  -99.99923706  -17.99961832]
  [ -16.99760826  -18.89967357  -99.99980927  -16.99806867]
  [ -15.99790057  -17.82726356  -99.99998808  -15.99914565]
  [ -14.99870705  -16.57708888  -99.99998808  -14.99933325]
  [ -13.99907378  -15.58347874  -99.90234375  -13.99962508]
  [ -12.99941346  -14.66570662  -99.99694824  -12.99950005]
  [ -11.99955815  -13.92868186  -99.98779297  -11.99987468]
  [ -10.99964452  -12.94231318  -99.8046875   -10.99967045]
  [  -9.99966493  -11.84948766  -99.99694824   -9.99990515]
  [  -8.99970629  -10.9844157   -99.99389648   -8.99980922]
  [  -7.9998588    -9.73807904  -93.75         -7.99986476]
  [  -6.99993266   -8.92272808  -99.609375     -6.99993596]
  [  -5.99997277   -7.7239489   -87.5          -5.99997217]
  [  -4.99998805   -6.91777743  -93.75         -4.99999272]
  [  -4.75280932   -5.96877502   -5.57263611   -3.99999991]]

 [[ -99.98779297  -31.77023649  -31.38988877  -31.68068278]
  [   0.            0.            0.            0.        ]
  [   0.            0.            0.            0.        ]
  [   0.            0.            0.            0.        ]
  [   0.            0.            0.            0.        ]
  [   0.            0.            0.            0.        ]
  [   0.            0.            0.            0.        ]
  [   0.            0.            0.            0.        ]
  [   0.            0.            0.            0.        ]
  [   0.            0.            0.            0.        ]
  [   0.            0.            0.            0.        ]
  [   0.            0.            0.            0.        ]
  [   0.            0.            0.            0.        ]
  [   0.            0.            0.            0.        ]
  [   0.            0.            0.            0.        ]
  [   0.            0.            0.            0.        ]
  [   0.            0.            0.            0.        ]
  [   0.            0.            0.            0.        ]
  [   0.            0.            0.            0.        ]
  [   0.            0.            0.            0.        ]
  [   0.            0.            0.            0.        ]
  [   0.            0.            0.            0.        ]
  [   0.            0.            0.            0.        ]
  [   0.            0.            0.            0.        ]
  [   0.            0.            0.            0.        ]
  [   0.            0.            0.            0.        ]
  [   0.            0.            0.            0.        ]
  [   0.            0.            0.            0.        ]
  [   0.            0.            0.            0.        ]
  [  -4.9375      -87.5          -4.96875      -4.95948381]]]
 	 
