[  529.   511.   520.   550.   525.   534.   373.   422.   434.   459.
   400.   383.   436.   377.   363.   532.   419.   355.   346.   478.
   293.   318.   359.   291.   300.   333.   334.   311.   305.   335.
   297.   402.   271.   338.   435.   275.   324.   354.   340.   302.
   260.   327.   471.   337.   329.   266.   330.   326.   272.   241.
   266.   351.   307.   316.   335.   335.   193.   321.   263.   296.
   472.   288.   193.   309.   316.   262.   247.   271.   316.   199.
   222.   351.  1073.   249.   201.   262.   375.   261.   254.   194.
   200.   271.   291.   229.   284.   245.   293.   204.   270.   262.
   319.   282.   281.   347.   270.   250.   238.   439.   386.   280.
   220.   269.  1067.   326.  1059.   274.   203.   210.   257.   235.
   307.   318.   262.   478.   246.   212.   175.   280.   175.   200.
   173.   279.   209.   259.   179.   268.   173.   183.   211.   237.
   295.   263.   213.   248.   214.   204.   321.   389.   181.   291.
   206.   228.   195.   318.   592.   242.   173.   391.   441.   207.
   202.   179.   185.   211.   210.   190.   186.   210.   241.   263.
   208.   183.   152.   179.   205.   275.   332.   178.   216.   150.
   310.   179.   211.   176.   188.   200.   179.   246.   183.   313.
   254.   209.   206.   255.   203.   271.   210.   296.   211.   154.
   187.   207.   235.   266.   179.   176.   209.   183.   389.   240.]
