n_eps = 500	 alpha = 0.5	 world size = 6,30
route SARSA:[[0, 0], [0, 1], [0, 2], [0, 3], [0, 4], [0, 5], [0, 6], [0, 7], [0, 8], [0, 9], [0, 10], [0, 11], [0, 12], [0, 13], [0, 14], [0, 15], [0, 16], [0, 17], [0, 18], [0, 19], [0, 20], [0, 21], [0, 22], [0, 23], [0, 24], [0, 25], [0, 26], [0, 27], [0, 28], [0, 29]]
route Q-Learn:[[0, 0], [1, 0], [1, 1], [1, 2], [1, 3], [1, 4], [1, 5], [1, 6], [1, 7], [1, 8], [1, 9], [1, 10], [1, 11], [1, 12], [1, 13], [1, 14], [1, 15], [1, 16], [1, 17], [1, 18], [1, 19], [1, 20], [1, 21], [1, 22], [1, 23], [1, 24], [1, 25], [1, 26], [1, 27], [1, 28], [1, 29], [0, 29]]
Q Value function SARSA: [[[-100.         -101.31237486 -103.28388903 -101.18961371]
  [   0.            0.            0.            0.        ]
  [   0.            0.            0.            0.        ]
  [   0.            0.            0.            0.        ]
  [   0.            0.            0.            0.        ]
  [   0.            0.            0.            0.        ]
  [   0.            0.            0.            0.        ]
  [   0.            0.            0.            0.        ]
  [   0.            0.            0.            0.        ]
  [   0.            0.            0.            0.        ]
  [   0.            0.            0.            0.        ]
  [   0.            0.            0.            0.        ]
  [   0.            0.            0.            0.        ]
  [   0.            0.            0.            0.        ]
  [   0.            0.            0.            0.        ]
  [   0.            0.            0.            0.        ]
  [   0.            0.            0.            0.        ]
  [   0.            0.            0.            0.        ]
  [   0.            0.            0.            0.        ]
  [   0.            0.            0.            0.        ]
  [   0.            0.            0.            0.        ]
  [   0.            0.            0.            0.        ]
  [   0.            0.            0.            0.        ]
  [   0.            0.            0.            0.        ]
  [   0.            0.            0.            0.        ]
  [   0.            0.            0.            0.        ]
  [   0.            0.            0.            0.        ]
  [   0.            0.            0.            0.        ]
  [   0.            0.            0.            0.        ]
  [   0.            0.            0.            0.        ]]

 [[-102.51395033 -102.54732762 -103.32897165 -101.98330248]
  [-100.99994233 -103.53802186 -100.03842203 -100.        ]
  [-100.61405096 -101.65147968 -101.50245138 -100.        ]
  [ -95.07682345 -100.920112   -100.6107281  -100.        ]
  [ -95.47518077  -99.9177115   -99.52551084 -100.        ]
  [ -94.98884303  -97.38230956  -92.99997111 -100.        ]
  [ -88.4066748   -96.66763908  -88.80426869 -100.        ]
  [ -91.52730428  -94.70934904  -90.12825339  -99.99999925]
  [ -85.01282428  -90.42584281  -89.65782041  -99.99999981]
  [ -83.08977137  -93.6615447   -80.9570617   -99.99999981]
  [ -80.11187756  -82.7546839   -82.88871575  -99.99999404]
  [ -79.14611801  -80.3407023   -76.70202082  -99.99999981]
  [ -85.4707514   -75.9684988   -75.48602163  -99.99923706]
  [ -76.22709437  -75.61429552  -73.80053216  -99.99997616]
  [ -73.39667487  -75.97941221  -68.72862626  -99.99389648]
  [ -85.06544099  -71.33979658  -67.82207179  -99.99980927]
  [ -78.09251695  -68.74202004  -65.03502359  -99.99694824]
  [ -75.53215642  -66.55966615  -64.60865838  -99.99998808]
  [ -63.49635585  -64.2173331   -64.36308573  -99.99999995]
  [ -71.2047128   -62.18000509  -64.24549788  -99.99962234]
  [ -55.62414085  -63.42475161  -57.58367938  -99.99847412]
  [ -60.42784658  -70.22241907  -61.92033091  -99.99923706]
  [ -92.84211526  -58.0505259   -53.42166064  -99.99961853]
  [ -47.32855648  -50.51537041  -51.15005828  -99.99923706]
  [ -65.38321667  -45.96518812  -41.76570853  -99.99923706]
  [ -31.06431403  -35.47720412  -33.70077875  -99.95117188]
  [ -24.36814006  -27.9276671   -30.41123814  -99.95117188]
  [ -44.62317764  -31.55827554  -16.76996996  -99.8046875 ]
  [ -13.07652651  -28.46777751  -13.43439525  -99.99980927]
  [  -6.20213588  -11.42499623  -18.91999412   -1.        ]]

 [[-103.00781765 -102.80964877 -103.57992946 -102.37869178]
  [ -96.52434725 -102.86589734 -102.99515776 -101.32728823]
  [ -97.61926201 -102.17941452 -101.76118824 -101.06940807]
  [ -91.4624898  -101.23467423  -98.37365456  -98.81237143]
  [ -92.48683446  -99.44859347  -98.38287013  -96.33209389]
  [ -90.82156458  -98.89060138  -96.3512348   -97.14851957]
  [ -84.022985    -94.50562329  -98.54023409  -92.50749331]
  [ -87.79543468  -93.51023497  -92.15053064  -90.39567734]
  [ -79.44994225  -90.91232274  -86.12008974  -87.66366531]
  [ -76.87610048  -86.58710063  -85.13555653  -85.11807517]
  [ -74.89163524  -83.17643652  -81.28990372  -83.86281535]
  [ -80.55943255  -79.66229487  -77.13005306  -84.41128337]
  [ -79.09697105  -77.19874532  -77.68068857  -88.82552681]
  [ -76.29137038  -77.65538048  -76.78834709  -81.38177722]
  [ -67.1047399   -72.83362143  -80.84882802  -70.94481832]
  [ -67.81572044  -67.67881299  -66.06968882  -70.85271741]
  [ -65.76218307  -66.72379269  -66.24370303  -67.56705671]
  [ -65.82228019  -67.40582177  -78.56135063  -67.0989304 ]
  [ -67.06105291  -65.38223907  -64.90652529  -64.62356445]
  [ -65.90754009  -65.43063571  -66.19825782  -70.34128762]
  [ -56.98101373  -67.38277638  -55.09726668  -62.38668243]
  [ -59.11321662  -54.17451936  -59.99660707  -59.57350813]
  [ -49.19785329  -57.0165794   -55.75952876  -77.05734447]
  [ -45.54939825  -52.24226305  -50.54874234  -65.8245445 ]
  [ -40.09043282  -46.59374236  -27.01756865  -60.51034772]
  [ -47.61648561  -48.44948878  -22.09330259  -52.89153217]
  [ -13.76918323  -38.07764721  -28.27544834  -26.23449235]
  [  -8.11624354  -38.29141943  -21.16689444  -12.97486008]
  [  -3.04539182  -18.48676582  -16.37652883  -55.87291779]
  [  -7.89834029  -19.0018182   -19.35479792   -2.00427495]]

 [[-102.38042985 -103.44012468 -105.06551615 -103.37814035]
  [-102.78708733 -103.52206276 -102.77798149 -101.36227243]
  [ -99.45149094 -102.30869897 -102.15476934 -102.28739714]
  [ -98.6758788  -100.70233179 -101.89122622  -94.88302226]
  [ -96.65966012  -98.47837669 -103.48245255  -98.0384591 ]
  [ -97.63926515  -97.15079655 -107.00592004  -96.45965618]
  [-103.01176127 -100.94778602 -111.32915462  -89.65874933]
  [ -88.45153383  -96.90073393 -102.86702025  -92.18248638]
  [ -83.97953762  -95.33889613  -88.71990589  -86.7087149 ]
  [ -80.23505055  -86.91924272  -86.25604986  -86.45557124]
  [ -77.47347207  -84.70995842  -83.27629683  -83.025028  ]
  [ -78.24221475  -80.11771362  -85.96136741  -77.73330719]
  [ -72.77093246  -79.04297751  -81.34237454  -75.69444087]
  [ -66.78907145  -76.13777637  -77.43212195  -75.78880774]
  [ -65.74954162  -74.6249058   -73.27039494  -68.55313903]
  [ -79.48376132  -69.21321159  -85.19658408  -68.37150037]
  [ -64.33032193  -66.4305916   -82.73423593  -65.98338826]
  [ -64.36186075  -64.37563929  -77.74794896  -65.17860768]
  [ -65.88931395  -64.53382125  -65.45092326  -64.49418293]
  [ -55.58220574  -59.81907891  -63.29032762  -63.93110979]
  [ -58.22057253  -56.86375412  -55.26624116  -54.85983646]
  [ -58.30336145  -58.02455883  -65.66312646  -55.75061016]
  [ -57.3671739   -56.03494667  -58.40550773  -56.17708653]
  [ -56.34594789  -55.12850984  -74.72928724  -58.05729454]
  [ -31.65984168  -46.35438034  -52.17688008  -41.47327937]
  [ -14.70673266  -39.96477118  -71.12083543  -44.61137026]
  [ -14.22427132  -28.74054862  -27.91538503  -20.92003366]
  [  -7.59240298  -24.06951117  -19.44992434  -23.3509065 ]
  [ -24.56792868  -24.26233224  -23.64867602   -6.09649648]
  [ -23.6722364   -16.72605054  -24.04226233  -15.2647328 ]]

 [[-120.03582346 -105.74131851 -109.61854702 -104.14824313]
  [-116.26506378 -103.61562166 -138.53399978 -102.94821955]
  [-104.71482238 -120.19524779 -137.31056696 -100.19837365]
  [-114.04566078 -104.08970002 -136.04932244  -98.55575882]
  [-115.386715   -104.61931994 -135.62643409  -97.3040531 ]
  [ -96.98825835 -108.65625134 -135.10045351  -97.01204378]
  [ -94.23007436  -97.13717133 -132.24259612  -99.04984922]
  [-105.80527251  -94.03747087 -131.18335269  -97.45990557]
  [ -83.98085587 -104.53103894 -130.24557221  -92.19837508]
  [-106.71157832  -86.50804765 -129.28721708  -85.656412  ]
  [ -83.8050713   -90.7416109  -128.12105872  -82.76145414]
  [ -81.53628848  -82.82146987 -126.63203167  -86.92540903]
  [ -76.99250869 -104.40098826 -125.49624914  -83.61473405]
  [ -82.49522426  -79.77634341 -124.25365251  -69.36598688]
  [ -79.63411179  -75.45237432 -122.75341428  -70.36925515]
  [ -68.65118458  -73.61533687 -121.68659821  -65.6313444 ]
  [ -63.52277009  -68.16626383 -119.99174116  -63.90405959]
  [ -67.39399294  -63.13033585 -117.47347387  -64.71360689]
  [ -68.46047287  -90.35639784 -113.86397941  -65.68542586]
  [ -75.43616619  -67.05190544 -116.6403069   -58.94253369]
  [ -50.08468395  -54.50514481  -99.99997616  -53.29181179]
  [ -74.59116808  -60.09785898  -99.98779297  -52.71372691]
  [ -51.5170943   -53.69388413  -99.98779297  -45.4026645 ]
  [ -60.20905847  -45.60835611  -99.99389648  -48.04445092]
  [ -74.52647599  -42.9387668   -99.99847412  -32.44951017]
  [ -43.17337164  -67.76997287  -99.99847412  -24.6515481 ]
  [ -21.92665935  -45.43731621  -99.95117188  -30.36750471]
  [ -39.16893558  -88.26445166  -96.875       -12.25602105]
  [ -23.87069758  -38.01211211  -99.90234375  -16.8208895 ]
  [ -38.61164959  -23.99765729  -36.48162394  -24.04001715]]

 [[-137.72321559 -105.13831445 -102.58258913  -98.73396743]
  [ -38.0570609   -38.90392896  -38.12832923  -38.27831318]
  [ -37.75338391  -37.83305811  -37.53085795  -37.32100446]
  [ -36.04937057  -37.52069001  -36.38589847  -37.39639978]
  [ -36.3499584   -35.49393057  -36.21824587  -36.25716452]
  [ -35.57883682  -36.40493122  -35.15542133  -34.89483862]
  [ -32.25126721  -36.16001318  -32.41971278  -32.92629434]
  [ -31.17249022  -32.62994883  -31.90175848  -31.999018  ]
  [ -30.21439245  -31.52609896  -31.4401999   -30.29388285]
  [ -29.33728446  -30.47296227  -29.6723885   -29.28336197]
  [ -28.55835503  -28.70351951  -28.7930855   -28.12034788]
  [ -26.67468113  -28.57910058  -27.8614735   -27.27830715]
  [ -25.35848342  -27.19307419  -26.77930631  -26.33810855]
  [ -25.41514147  -26.27511513  -25.76563261  -24.3014484 ]
  [ -24.25454387  -24.55603317  -24.77348387  -22.25841335]
  [ -21.65070466  -24.50915891  -23.29551618  -21.81583351]
  [ -19.96762755  -23.27347992  -21.28935666  -20.94541429]
  [ -15.47360673  -21.00446157  -20.9354592   -18.7161034 ]
  [ -20.22377586  -20.13824906  -20.81054962  -12.95389972]
  [ -20.16366316  -17.01914535  -20.79053709  -19.70878045]
  [   0.            0.            0.            0.        ]
  [   0.            0.            0.            0.        ]
  [   0.            0.            0.            0.        ]
  [   0.            0.            0.            0.        ]
  [   0.            0.            0.            0.        ]
  [   0.            0.            0.            0.        ]
  [   0.            0.            0.            0.        ]
  [   0.            0.            0.            0.        ]
  [   0.            0.            0.            0.        ]
  [ -23.83637837  -93.75        -22.13801673  -21.15861762]]]
 	 
Q Value function SARSA: [[[-100.          -32.          -31.          -32.        ]
  [   0.            0.            0.            0.        ]
  [   0.            0.            0.            0.        ]
  [   0.            0.            0.            0.        ]
  [   0.            0.            0.            0.        ]
  [   0.            0.            0.            0.        ]
  [   0.            0.            0.            0.        ]
  [   0.            0.            0.            0.        ]
  [   0.            0.            0.            0.        ]
  [   0.            0.            0.            0.        ]
  [   0.            0.            0.            0.        ]
  [   0.            0.            0.            0.        ]
  [   0.            0.            0.            0.        ]
  [   0.            0.            0.            0.        ]
  [   0.            0.            0.            0.        ]
  [   0.            0.            0.            0.        ]
  [   0.            0.            0.            0.        ]
  [   0.            0.            0.            0.        ]
  [   0.            0.            0.            0.        ]
  [   0.            0.            0.            0.        ]
  [   0.            0.            0.            0.        ]
  [   0.            0.            0.            0.        ]
  [   0.            0.            0.            0.        ]
  [   0.            0.            0.            0.        ]
  [   0.            0.            0.            0.        ]
  [   0.            0.            0.            0.        ]
  [   0.            0.            0.            0.        ]
  [   0.            0.            0.            0.        ]
  [   0.            0.            0.            0.        ]
  [   0.            0.            0.            0.        ]]

 [[ -30.          -31.          -32.          -32.        ]
  [ -29.          -31.          -31.         -100.        ]
  [ -28.          -30.          -30.         -100.        ]
  [ -27.          -29.          -29.         -100.        ]
  [ -26.          -28.          -28.         -100.        ]
  [ -25.          -27.          -27.         -100.        ]
  [ -24.          -26.          -26.         -100.        ]
  [ -23.          -25.          -25.         -100.        ]
  [ -22.          -24.          -24.         -100.        ]
  [ -21.          -23.          -23.         -100.        ]
  [ -20.          -22.          -22.         -100.        ]
  [ -19.          -21.          -21.         -100.        ]
  [ -18.          -20.          -20.         -100.        ]
  [ -17.          -19.          -19.         -100.        ]
  [ -16.          -18.          -18.         -100.        ]
  [ -15.          -17.          -17.         -100.        ]
  [ -14.          -16.          -16.         -100.        ]
  [ -13.          -15.          -15.         -100.        ]
  [ -12.          -14.          -13.99999999 -100.        ]
  [ -11.          -12.99999999  -13.         -100.        ]
  [ -10.          -12.          -12.         -100.        ]
  [  -9.          -11.          -11.         -100.        ]
  [  -8.          -10.          -10.          -99.99999999]
  [  -7.           -9.           -8.99999994 -100.        ]
  [  -6.           -8.           -8.          -99.99999981]
  [  -5.           -6.99999999   -7.         -100.        ]
  [  -4.           -5.99999998   -6.         -100.        ]
  [  -3.           -5.           -5.         -100.        ]
  [  -2.           -4.           -3.99999998 -100.        ]
  [  -2.           -3.           -3.           -1.        ]]

 [[ -31.          -31.99999996  -32.12149867  -31.        ]
  [ -30.          -31.99999545  -31.97173512  -30.        ]
  [ -29.          -30.99999999  -30.9987059   -29.        ]
  [ -28.          -30.          -29.99995613  -28.        ]
  [ -27.          -29.          -28.99999061  -27.        ]
  [ -26.          -28.          -27.99999875  -26.        ]
  [ -25.          -27.          -26.99999952  -25.        ]
  [ -24.          -26.          -25.99999944  -24.        ]
  [ -23.          -25.          -24.99999956  -23.        ]
  [ -22.          -24.          -23.99999977  -22.        ]
  [ -21.          -23.          -22.99999924  -21.        ]
  [ -20.          -22.          -21.99999994  -20.        ]
  [ -19.          -21.          -20.99999993  -19.        ]
  [ -18.          -19.99999992  -19.99999961  -18.        ]
  [ -17.          -19.          -18.99999998  -17.        ]
  [ -16.          -18.          -17.99999999  -16.        ]
  [ -15.          -17.          -16.99999966  -15.        ]
  [ -14.          -15.99999984  -15.99999998  -14.        ]
  [ -13.          -15.          -15.          -13.        ]
  [ -12.          -13.99999998  -13.99999999  -12.        ]
  [ -11.          -13.          -12.99999883  -11.        ]
  [ -10.          -12.          -11.99999956  -10.        ]
  [  -9.          -11.          -10.99999931   -9.        ]
  [  -8.          -10.           -9.99999996   -8.        ]
  [  -7.           -8.99999948   -8.99999999   -7.        ]
  [  -6.           -7.99999946   -7.99999998   -6.        ]
  [  -5.           -6.99999958   -6.99999998   -5.        ]
  [  -4.           -5.99997861   -5.99999994   -4.        ]
  [  -3.           -4.99999945   -4.99999376   -3.        ]
  [  -3.           -3.99999989   -4.           -2.        ]]

 [[ -31.5927261   -31.75588524  -31.69835126  -31.64733647]
  [ -30.98906134  -31.81380097  -31.38308868  -30.99032838]
  [ -29.99965302  -31.10761826  -30.62570014  -29.99973411]
  [ -28.99998875  -30.82000015  -29.91673266  -28.99998216]
  [ -27.99999768  -29.993027    -28.8659256   -27.99999833]
  [ -26.99999939  -28.97869206  -28.34500821  -26.99999938]
  [ -25.99999974  -27.96501616  -27.45036556  -25.9999999 ]
  [ -24.99999981  -26.98849898  -26.5654206   -24.99999995]
  [ -23.99999988  -25.99924663  -25.66272002  -23.99999994]
  [ -22.99999993  -24.99861256  -24.74221442  -22.99999996]
  [ -21.99999995  -23.99987029  -23.76170116  -21.99999996]
  [ -20.99999997  -22.99877871  -22.72491427  -20.99999999]
  [ -19.99999999  -21.99903298  -21.65373027  -20.        ]
  [ -19.          -20.99929418  -20.73969379  -19.        ]
  [ -18.          -19.99999846  -19.82936472  -18.        ]
  [ -17.          -18.99999692  -18.82147899  -17.        ]
  [ -16.          -17.99995524  -17.92850578  -16.        ]
  [ -15.          -16.99965007  -16.96615691  -15.        ]
  [ -14.          -15.99974182  -15.94460126  -14.        ]
  [ -13.          -14.99978489  -14.90250965  -13.        ]
  [ -12.          -13.99885747  -13.98136359  -12.        ]
  [ -11.          -12.99852351  -12.94061547  -11.        ]
  [ -10.          -11.99974626  -11.99328619  -10.        ]
  [  -9.          -10.99999503  -10.98531039   -9.        ]
  [  -8.           -9.93559509   -9.98623927   -8.        ]
  [  -7.           -8.96935741   -8.97354344   -7.        ]
  [  -6.           -7.97747629   -7.98054414   -6.        ]
  [  -5.           -6.78824483   -6.99756163   -5.        ]
  [  -4.           -5.99256986   -5.91944824   -4.        ]
  [  -3.99608587   -4.9998286    -4.88220174   -3.        ]]

 [[ -31.25588487  -31.36807418  -31.17676747  -31.55718705]
  [ -30.6798039   -30.73690823 -119.14801635  -30.56816769]
  [ -29.91836441  -30.44157902 -118.77843656  -30.86365731]
  [ -29.03744152  -30.16612797 -118.03769645  -29.49187274]
  [ -28.12247534  -29.00810929 -117.76482895  -28.3002132 ]
  [ -27.50531545  -27.93360887 -117.0310721   -27.93631147]
  [ -26.62519706  -28.02997593 -116.05368539  -26.61710315]
  [ -25.7203481   -27.32918019 -115.44838621  -25.78474493]
  [ -24.78561693  -25.69688087 -114.94755881  -24.80585749]
  [ -23.8140814   -25.31587738 -114.06538375  -23.95635976]
  [ -22.86928881  -24.3951829  -113.26386487  -22.9880805 ]
  [ -21.90829993  -23.36548935 -112.40061359  -21.89093271]
  [ -20.92902685  -22.72412739 -111.54803792  -20.99677323]
  [ -19.93507837  -21.87396172 -110.62280412  -19.96492969]
  [ -18.94451822  -20.81055784 -109.74627926  -18.99398263]
  [ -17.96615605  -19.61579922 -108.8895139   -17.99404465]
  [ -16.9789043   -18.33625971 -107.57042266  -16.98839053]
  [ -15.98230717  -17.41587318 -106.98372819  -15.99409391]
  [ -14.98824789  -16.55331522 -105.99309676  -14.98772499]
  [ -13.99269772  -15.35869618 -104.9754141   -13.99727794]
  [ -12.99508416  -14.8238215   -99.99389648  -12.99898469]
  [ -11.99672919  -13.51057234  -99.99961853  -11.99746712]
  [ -10.99733182  -12.93279562  -99.99847412  -10.99849717]
  [  -9.99785664  -11.79384976  -99.99694824   -9.99956295]
  [  -8.99849863  -10.64951641  -98.4375       -8.99954988]
  [  -7.99893439   -9.96330485  -99.8046875    -7.99929127]
  [  -6.99929936   -8.98370809  -96.875        -6.99956516]
  [  -5.99975156   -7.93798711  -99.90234375   -5.99972136]
  [  -4.99997384   -6.63189936  -99.8046875    -4.99990205]
  [  -4.81177618   -5.57616224   -4.03125      -3.99999953]]

 [[-119.14734316  -31.29816805  -31.11778779  -31.44077595]
  [ -19.53683671  -20.02286358  -19.58962599  -19.84153075]
  [ -18.80545611  -19.69006627  -19.10604349  -18.77995142]
  [ -18.24975915  -19.23381892  -18.04985013  -18.78951896]
  [ -17.76786252  -18.01678629  -17.771491    -18.14921829]
  [ -17.04322734  -17.74500906  -17.22959173  -17.54063534]
  [ -16.24805406  -17.12540798  -16.42532052  -16.33978026]
  [ -15.70371834  -15.95541433  -15.83765292  -15.54561344]
  [ -14.94831906  -14.98685113  -15.46221777  -15.15955071]
  [ -14.11391419  -14.86521494  -14.30682106  -14.46621254]
  [ -13.26997195  -13.97293546  -13.72371873  -13.28947731]
  [ -12.40137598  -12.80889882  -12.59046096  -12.76328783]
  [ -11.54822808  -11.57678019  -12.05572755  -11.71202485]
  [ -10.6481072   -11.90097774  -11.29509236  -10.62889039]
  [  -9.75846953  -10.80618033  -10.22453409   -9.85858371]
  [  -8.90167011  -10.29592278   -9.43737763   -8.92093061]
  [  -7.95920328   -8.06410512   -8.5151953    -7.97534495]
  [  -6.99349568   -8.36642088   -7.2617754    -6.98982198]
  [  -5.99941179   -6.44927943   -6.67157515   -5.99914101]
  [  -5.0234375    -5.46715546   -6.88773828   -4.99999995]
  [   0.            0.            0.            0.        ]
  [   0.            0.            0.            0.        ]
  [   0.            0.            0.            0.        ]
  [   0.            0.            0.            0.        ]
  [   0.            0.            0.            0.        ]
  [   0.            0.            0.            0.        ]
  [   0.            0.            0.            0.        ]
  [   0.            0.            0.            0.        ]
  [   0.            0.            0.            0.        ]
  [  -3.75        -75.           -3.40625      -3.88330078]]]
 	 
