n_eps = 500	 alpha = 0.5	 world size = 10,20
route SARSA:[[0, 0], [1, 0], [2, 0], [2, 1], [3, 1], [4, 1], [4, 2], [4, 3], [3, 3], [3, 4], [3, 5], [3, 6], [3, 7], [3, 8], [3, 9], [3, 10], [4, 10], [5, 10], [5, 11], [5, 12], [5, 13], [5, 14], [5, 15], [6, 15], [6, 16], [5, 16], [5, 17], [5, 18], [6, 18], [7, 18], [7, 19], [8, 19], [9, 19]]
route Q-Learn:[[0, 0], [1, 0], [1, 1], [1, 2], [1, 3], [1, 4], [1, 5], [1, 6], [1, 7], [1, 8], [1, 9], [1, 10], [1, 11], [1, 12], [1, 13], [1, 14], [1, 15], [1, 16], [1, 17], [1, 18], [1, 19], [2, 19], [3, 19], [4, 19], [5, 19], [6, 19], [7, 19], [8, 19], [9, 19]]
Q Value function SARSA: [[[-100.          -82.20977949  -79.67988596  -89.32971747]
  [   0.            0.            0.            0.        ]
  [   0.            0.            0.            0.        ]
  [   0.            0.            0.            0.        ]
  [   0.            0.            0.            0.        ]
  [   0.            0.            0.            0.        ]
  [   0.            0.            0.            0.        ]
  [   0.            0.            0.            0.        ]
  [   0.            0.            0.            0.        ]
  [   0.            0.            0.            0.        ]
  [   0.            0.            0.            0.        ]
  [   0.            0.            0.            0.        ]
  [   0.            0.            0.            0.        ]
  [   0.            0.            0.            0.        ]
  [   0.            0.            0.            0.        ]
  [   0.            0.            0.            0.        ]
  [   0.            0.            0.            0.        ]
  [   0.            0.            0.            0.        ]
  [   0.            0.            0.            0.        ]
  [ -74.46952887  -99.21875     -57.55515435  -60.61734703]]

 [[ -78.9181242   -81.44139237  -78.77556024  -82.98085582]
  [ -88.37952991  -79.47011862  -77.61939972  -99.99999995]
  [ -87.83819067  -87.36258708  -75.20896667  -99.99999702]
  [ -75.85390291  -74.59262672  -74.4689962   -99.97558594]
  [ -68.81063883  -67.4000672   -67.15012765  -99.97558594]
  [ -78.00937952  -70.10523584  -70.37527845  -99.95117188]
  [ -83.91496231  -79.34996242  -71.08858895  -99.97558594]
  [ -72.27854073  -68.04914489  -66.50787594  -99.95117188]
  [ -65.98140304  -80.31103614  -65.76487488  -99.95117188]
  [ -65.2911823   -76.37089158  -64.39274162  -99.99389648]
  [ -61.76513926  -65.27255437  -62.42198416  -99.95117188]
  [ -62.91104895  -61.24394122  -63.22515523  -99.90234375]
  [ -88.65549478  -80.28089607  -63.60222838  -99.97558594]
  [ -66.91783818  -76.97030681  -60.14529586  -99.95117188]
  [ -68.15041998  -60.42101789  -58.04830898  -99.90234375]
  [ -57.53498515  -60.89591869  -58.05423425  -99.8046875 ]
  [ -57.79302515  -66.10478353  -57.212473    -99.95117188]
  [ -57.20874979  -60.76359193  -55.57152821  -99.97558594]
  [ -59.42835089  -71.63277728  -56.18657146  -99.99961853]
  [ -58.14658038  -59.50008074  -55.40414163  -57.53461214]]

 [[ -78.19035824  -78.32564021  -78.65981797  -81.5438075 ]
  [ -79.82300166  -78.51730192  -77.46960918  -78.76362567]
  [ -77.87061997  -77.3463296   -76.72225005  -77.78248933]
  [ -74.29624278  -74.95474831  -73.66639037  -78.21579167]
  [ -70.75339431  -74.2341549   -71.52152754  -67.57006263]
  [ -70.6650197   -71.42685038  -71.23774561  -75.85529971]
  [ -71.33592754  -70.77066297  -70.21805546  -70.88859035]
  [ -73.49105899  -70.10043351  -68.94581543  -70.60703676]
  [ -66.67261756  -68.43410562  -67.42135967  -71.9465981 ]
  [ -68.90767508  -66.15183548  -66.47604446  -73.94315573]
  [ -63.08104372  -67.4397407   -65.7560969   -62.43913128]
  [ -65.85027281  -64.36341794  -63.57567274  -67.25892945]
  [ -65.42994239  -63.61433949  -63.6047701   -66.2844832 ]
  [ -61.65164731  -65.33369102  -60.07067013  -69.97422233]
  [ -59.82411077  -63.16864339  -60.39471581  -73.6801922 ]
  [ -69.80718953  -60.0129991   -59.49971098  -62.92449966]
  [ -56.85944548  -68.13329482  -57.57304248  -68.01185725]
  [ -56.51908881  -56.64592231  -56.95164956  -60.19882341]
  [ -56.03592633  -55.96964269  -55.92992397  -56.12908175]
  [ -56.15787686  -56.07578967  -55.77795719  -56.40010277]]

 [[ -77.41084471  -77.51006861  -77.22304963  -78.77700804]
  [ -76.84479177  -77.34312442  -76.50174507  -77.65462897]
  [ -74.54077746  -76.84580892  -74.97433431  -77.0565827 ]
  [ -72.52699954  -75.72497061  -73.29030759  -77.87022983]
  [ -71.09578665  -73.33104935  -72.36349432  -72.71658642]
  [ -70.29610938  -70.88627206  -71.07461508  -71.64582823]
  [ -68.94071458  -70.50165484  -69.82810832  -70.90930554]
  [ -67.04016481  -68.88257821  -68.38829934  -69.575972  ]
  [ -65.52347521  -68.59725428  -67.59243289  -67.77685317]
  [ -64.54307845  -66.81995266  -65.51825929  -66.79452434]
  [ -64.11830894  -65.55049556  -64.00780476  -65.90015994]
  [ -64.04104384  -63.814703    -63.44804939  -63.73373212]
  [ -65.03848223  -64.25690332  -62.4718315   -63.45257245]
  [ -59.9355293   -60.4791503   -60.62749393  -70.94844644]
  [ -58.76911481  -60.81401617  -59.67648905  -60.17660609]
  [ -56.94846731  -59.44036242  -58.27886121  -63.86031043]
  [ -57.2492335   -58.73903923  -54.17068633  -58.16288262]
  [ -56.63732642  -56.8576949   -56.73801414  -56.70620132]
  [ -52.1752705   -55.91352199  -56.50149597  -56.12467091]
  [ -55.44068086  -55.68681572  -49.66953465  -55.57345381]]

 [[ -75.69375906  -75.7727885   -75.6872463   -77.2813478 ]
  [ -75.33629593  -75.52827497  -75.4048918   -75.83152024]
  [ -74.20292111  -75.12748667  -74.58752166  -75.83485602]
  [ -73.43189528  -74.84021192  -73.77553657  -73.31079142]
  [ -71.03169161  -73.32565532  -72.84840075  -72.58129925]
  [ -69.76227195  -72.816138    -71.50454108  -71.22183076]
  [ -68.35380891  -71.40795106  -70.43523059  -69.5333143 ]
  [ -68.33734114  -69.9186828   -68.18692971  -68.37025428]
  [ -66.69274789  -68.33692097  -67.89497741  -68.15958335]
  [ -64.80264887  -68.46469724  -65.65405929  -66.51990942]
  [ -64.19874739  -66.54810135  -64.03823366  -64.41597999]
  [ -63.69880314  -64.2138691   -62.7971871   -64.12759214]
  [ -60.54628549  -64.85028099  -61.30476261  -62.66407852]
  [ -60.6525141   -62.28880086  -60.09251272  -60.68302323]
  [ -58.44003854  -60.78733775  -58.62923443  -60.28363543]
  [ -57.05318329  -59.550284    -55.09365703  -59.50280797]
  [ -57.49040568  -59.23459152  -52.37903745  -57.48140061]
  [ -54.71419455  -54.05678658  -57.52885485  -56.99571527]
  [ -46.62819806  -57.73994329  -56.39632064  -55.61171283]
  [ -48.00345347  -54.22125075  -39.3872622   -56.0091272 ]]

 [[ -75.13367754  -75.62193964  -75.44051058  -75.23411777]
  [ -74.68011815  -74.92655864  -75.47455382  -75.38897712]
  [ -73.83990699  -74.22452357  -73.9116493   -74.07599446]
  [ -72.77656126  -73.46175435  -73.16962695  -73.77885053]
  [ -71.43605736  -73.23983637  -72.4854922   -72.23172475]
  [ -70.09039054  -71.98471607  -71.71974736  -71.09138466]
  [ -70.28659449  -71.54744587  -69.19652356  -69.97509468]
  [ -67.31100171  -70.66612828  -68.1317911   -68.69717328]
  [ -66.26159743  -69.21504493  -67.21591368  -67.60875897]
  [ -64.20075001  -67.78929788  -66.01227392  -66.7422043 ]
  [ -63.14679564  -65.84843024  -64.55301343  -65.14283089]
  [ -60.04550443  -64.93130819  -62.73851384  -63.72515424]
  [ -59.26005416  -62.47620262  -62.2750194   -62.47934201]
  [ -57.00407417  -62.93600098  -60.62597384  -60.64538152]
  [ -57.28581755  -59.026451    -57.49301176  -59.25829946]
  [ -57.55596503  -59.36905131  -55.69284761  -59.15050399]
  [ -45.14571416  -55.17453148  -56.55180566  -52.58995004]
  [ -39.75654902  -56.26779804  -47.42941675  -57.05093386]
  [ -44.82763812  -54.04867737  -37.36928985  -55.75813581]
  [ -47.99574087  -52.90601707  -36.57351291  -51.16844131]]

 [[ -74.91035235  -75.90671062  -75.43295549  -75.31118119]
  [ -73.93089926  -76.14944302  -75.34876852  -74.12412617]
  [ -73.43733602  -73.49135317  -74.57523461  -74.00195784]
  [ -72.54286055  -73.31167565  -72.89519462  -73.28167267]
  [ -71.89839485  -71.89553507  -72.07053585  -72.29152618]
  [ -71.15114724  -71.43493039  -71.10947649  -71.225424  ]
  [ -68.42622999  -68.66502893  -70.68991168  -69.1713523 ]
  [ -67.60490957  -69.2072617   -70.88900605  -67.9064828 ]
  [ -67.0241052   -71.08029158  -66.88224888  -67.3118516 ]
  [ -69.63513114  -67.11621225  -65.62012982  -65.95166875]
  [ -64.24783109  -64.86681173  -68.98907746  -64.70957281]
  [ -60.12876625  -63.23837329  -63.9678298   -64.42519051]
  [ -60.09323719  -63.0309192   -61.76632086  -62.06834623]
  [ -57.34449145  -61.76325443  -60.68626224  -60.47465279]
  [ -54.73685994  -60.04665008  -60.79799679  -59.96916632]
  [ -53.06433064  -58.86078479  -55.34966803  -57.54668534]
  [ -55.81026801  -55.98634184  -54.97450814  -51.58974675]
  [ -46.95709914  -55.01375662  -57.38488625  -56.16322677]
  [ -44.66540587  -54.9634769   -32.42890655  -52.98136117]
  [ -39.83916192  -44.11297774  -28.74657796  -40.09906432]]

 [[ -75.54360849  -75.91514762  -75.77266139  -75.84194712]
  [ -75.74718271  -75.57136519  -75.90011176  -75.05566052]
  [ -73.53632481  -73.70478439  -77.062709    -72.92019841]
  [ -75.44870759  -73.57825102  -74.94117806  -72.44279261]
  [ -71.25306551  -71.41495265  -71.73856282  -71.59835928]
  [ -70.18114302  -70.8024496   -76.92459794  -70.88802566]
  [ -70.99393342  -70.96240462  -74.02640574  -69.15796329]
  [ -66.27639474  -68.55362897  -70.80472017  -66.00140084]
  [ -65.64244605  -66.20456784  -66.26868192  -66.48303611]
  [ -64.24208347  -66.02526544  -64.90701713  -66.21958319]
  [ -63.73970467  -64.42146399  -72.71053168  -63.88505772]
  [ -62.34399104  -63.8479706   -79.81541157  -63.43922697]
  [ -60.2765925   -62.36895518  -65.16460762  -61.25915704]
  [ -60.28775888  -60.60396507  -60.14665743  -60.61098152]
  [ -59.39700528  -59.39871527  -59.54507876  -57.0447079 ]
  [ -56.34573711  -60.94841077  -59.50478588  -55.91199159]
  [ -47.5653149   -57.69837477  -56.85500253  -54.4209647 ]
  [ -36.48398932  -53.66616764  -51.44939268  -55.17623356]
  [ -38.70264396  -51.05216337  -59.59531957  -49.96285477]
  [ -40.48057579  -39.26516715  -25.98276727  -38.97511614]]

 [[ -84.41057039  -76.0539154   -75.24863785  -74.57655709]
  [ -75.1370908   -72.550289    -99.99389648  -74.00300913]
  [ -71.33003437  -75.80402792  -99.8046875   -71.31895758]
  [ -71.28443323  -73.64075709  -99.609375    -73.35883454]
  [ -77.73020482  -72.90008631  -99.99389648  -71.6112802 ]
  [ -75.06135764  -69.92784259  -99.8046875   -69.77843208]
  [ -73.19910522  -82.19501222  -99.99389648  -68.71033235]
  [ -65.81026557  -73.50997445  -99.97558594  -65.93971196]
  [ -68.17017468  -66.49564927  -99.8046875   -66.36978049]
  [ -79.60373097  -65.33407743  -99.8046875   -64.67454437]
  [ -80.94711476  -76.85941864  -99.609375    -63.98971113]
  [ -70.57524073  -64.98445745  -99.98779297  -60.71746132]
  [ -60.48543533  -63.83074242  -99.609375    -61.11258722]
  [ -80.76433879  -60.74138889  -99.90234375  -59.92459978]
  [ -58.30604612  -63.32030555  -99.98779297  -58.50231611]
  [ -63.27835404  -63.14220763  -99.8046875   -54.85722375]
  [ -85.2794601   -58.57191204  -99.609375    -56.0145807 ]
  [ -57.19375163  -67.75394718  -99.95117188  -50.08147842]
  [ -42.68691203  -49.69829351  -99.99999963  -38.99475631]
  [ -32.01347966  -44.77472425  -26.26324448  -38.4604287 ]]

 [[ -99.95117188  -72.11480448  -78.21805577  -72.97049173]
  [   0.            0.            0.            0.        ]
  [   0.            0.            0.            0.        ]
  [   0.            0.            0.            0.        ]
  [   0.            0.            0.            0.        ]
  [   0.            0.            0.            0.        ]
  [   0.            0.            0.            0.        ]
  [   0.            0.            0.            0.        ]
  [   0.            0.            0.            0.        ]
  [   0.            0.            0.            0.        ]
  [   0.            0.            0.            0.        ]
  [   0.            0.            0.            0.        ]
  [   0.            0.            0.            0.        ]
  [   0.            0.            0.            0.        ]
  [   0.            0.            0.            0.        ]
  [   0.            0.            0.            0.        ]
  [   0.            0.            0.            0.        ]
  [   0.            0.            0.            0.        ]
  [   0.            0.            0.            0.        ]
  [ -24.7142438   -87.5         -31.8614511   -16.97073808]]]
 	 
Q Value function SARSA: [[[-100.          -37.14102266  -36.14192704  -37.13102068]
  [   0.            0.            0.            0.        ]
  [   0.            0.            0.            0.        ]
  [   0.            0.            0.            0.        ]
  [   0.            0.            0.            0.        ]
  [   0.            0.            0.            0.        ]
  [   0.            0.            0.            0.        ]
  [   0.            0.            0.            0.        ]
  [   0.            0.            0.            0.        ]
  [   0.            0.            0.            0.        ]
  [   0.            0.            0.            0.        ]
  [   0.            0.            0.            0.        ]
  [   0.            0.            0.            0.        ]
  [   0.            0.            0.            0.        ]
  [   0.            0.            0.            0.        ]
  [   0.            0.            0.            0.        ]
  [   0.            0.            0.            0.        ]
  [   0.            0.            0.            0.        ]
  [   0.            0.            0.            0.        ]
  [ -17.23371234  -99.8046875   -17.03366556  -16.94965007]]

 [[ -35.1420061   -36.14154828  -35.14233266  -37.14101458]
  [ -34.14209967  -36.13936332  -34.14526223 -100.        ]
  [ -33.14217842  -35.13928534  -33.14732074 -100.        ]
  [ -32.14236302  -34.13519838  -32.14816351 -100.        ]
  [ -31.14278987  -33.13986392  -31.1499597  -100.        ]
  [ -30.14337477  -32.13845509  -30.14972095 -100.        ]
  [ -29.14368928  -31.12987684  -29.1486626  -100.        ]
  [ -28.14401272  -30.13840356  -28.15013897 -100.        ]
  [ -27.14530672  -29.13592357  -27.14955794 -100.        ]
  [ -26.14559661  -28.0911453   -26.14997357 -100.        ]
  [ -25.14609434  -27.10017627  -25.14877343 -100.        ]
  [ -24.14688073  -26.13078351  -24.14802983 -100.        ]
  [ -23.1475653   -25.08393803  -23.14826654 -100.        ]
  [ -22.14810678  -23.93819925  -22.14996306 -100.        ]
  [ -21.14854508  -23.10910997  -21.14936961 -100.        ]
  [ -20.14861437  -22.01162116  -20.15103397 -100.        ]
  [ -19.14935392  -20.93249555  -19.15072561 -100.        ]
  [ -18.15050943  -19.39561103  -18.15089434 -100.        ]
  [ -17.15116861  -19.00119885  -17.15126584 -100.        ]
  [ -16.94042707  -16.8555605   -16.15146957  -17.43188712]]

 [[ -34.14493941  -35.13048616  -34.14325047  -36.09543837]
  [ -33.14772807  -35.0013681   -33.14708737  -35.11984575]
  [ -32.14904635  -34.09192395  -32.14870881  -34.03755257]
  [ -31.14955913  -33.13752046  -31.15001197  -33.05989817]
  [ -30.15036263  -32.10720259  -30.15042438  -32.12816858]
  [ -29.15064992  -31.02300232  -29.1506652   -31.13275869]
  [ -28.15085964  -30.09419805  -28.15077722  -30.13389924]
  [ -27.15098545  -29.08974841  -27.15100115  -29.12480574]
  [ -26.15101067  -28.093074    -26.15113909  -28.14022791]
  [ -25.15116346  -27.11720116  -25.15135269  -27.10622035]
  [ -24.15127258  -26.14436362  -24.15125979  -25.96160217]
  [ -23.15133289  -25.1015113   -23.1513563   -25.01154369]
  [ -22.15138866  -24.01961735  -22.15141891  -24.08471855]
  [ -21.15142292  -23.14302512  -21.15144959  -22.8262122 ]
  [ -20.15144872  -22.12423718  -20.15147488  -22.074845  ]
  [ -19.15147575  -20.87618451  -19.15148109  -20.91996389]
  [ -18.15148032  -20.02632975  -18.15148651  -19.83135682]
  [ -17.15148357  -19.14441274  -17.15148579  -19.09400806]
  [ -16.15148875  -17.73786129  -16.1514883   -17.99838161]
  [ -16.04168043  -15.4011036   -15.15148926  -15.42941035]]

 [[ -33.14657434  -34.10720203  -33.14464921  -35.10735775]
  [ -32.14808255  -34.01034527  -32.14880144  -34.11565998]
  [ -31.14902564  -33.09301287  -31.15025565  -33.04933301]
  [ -30.15043405  -31.99972315  -30.15070368  -31.99828816]
  [ -29.15086644  -31.06504945  -29.15103682  -31.03101398]
  [ -28.15110021  -29.98310168  -28.15109512  -30.095289  ]
  [ -27.15120116  -29.10450088  -27.15129065  -29.11675911]
  [ -26.15133483  -28.04716275  -26.15127644  -28.13498513]
  [ -25.15140862  -27.11097327  -25.151385    -27.14151317]
  [ -24.15145933  -26.00811723  -24.15145624  -26.12526397]
  [ -23.15146947  -24.99360522  -23.15147695  -25.09860159]
  [ -22.15147872  -23.90219148  -22.15148477  -24.14583105]
  [ -21.15148439  -23.1489067   -21.15148641  -23.13193972]
  [ -20.15148739  -22.14376518  -20.15148723  -21.33317523]
  [ -19.15148873  -21.1307027   -19.15148874  -20.9380917 ]
  [ -18.15148911  -20.14040957  -18.15148917  -19.81356046]
  [ -17.15148922  -19.1330965   -17.15148924  -18.56573696]
  [ -16.15148925  -18.13485161  -16.15148925  -18.14012266]
  [ -15.15148926  -17.11341754  -15.15148926  -17.12261674]
  [ -15.14824579  -16.05231922  -14.15148926  -16.1475837 ]]

 [[ -32.14728477  -33.02481537  -32.14623778  -34.01638487]
  [ -31.15005674  -32.76757173  -31.14983639  -33.06268555]
  [ -30.15098416  -32.07504835  -30.15106588  -31.97493757]
  [ -29.15116762  -31.08783448  -29.1511027   -30.25087694]
  [ -28.15134844  -30.04289263  -28.15125532  -30.03517315]
  [ -27.15140695  -29.09246817  -27.15138708  -29.11112866]
  [ -26.15144363  -27.93246849  -26.15145913  -28.12623965]
  [ -25.15146341  -27.05094701  -25.15147324  -27.01552016]
  [ -24.15147942  -26.12633451  -24.15147835  -26.13391286]
  [ -23.15148478  -25.14992485  -23.15148659  -25.12683947]
  [ -22.15148732  -24.13595953  -22.15148792  -24.08654126]
  [ -21.15148897  -23.14192571  -21.15148894  -22.99349386]
  [ -20.15148911  -22.1435125   -20.15148909  -22.10068814]
  [ -19.1514892   -21.10475771  -19.15148922  -21.116194  ]
  [ -18.15148924  -20.14751327  -18.15148925  -20.10666552]
  [ -17.15148925  -18.90226862  -17.15148925  -19.13300402]
  [ -16.15148926  -18.15005063  -16.15148926  -18.14787057]
  [ -15.15148926  -17.13849043  -15.15148926  -17.14996089]
  [ -14.15148926  -16.14382868  -14.15148926  -16.14760403]
  [ -14.15147924  -15.15005747  -13.15148926  -15.14307464]]

 [[ -31.14875831  -31.78070538  -31.14741877  -32.74884466]
  [ -30.15059237  -31.75289906  -30.15073713  -31.95913444]
  [ -29.15130256  -31.10725361  -29.15127293  -31.10742181]
  [ -28.15140878  -30.12910468  -28.15139331  -30.09374517]
  [ -27.15144497  -28.75829668  -27.15145084  -29.07470344]
  [ -26.15147087  -28.01679442  -26.15146921  -27.77394811]
  [ -25.15148229  -26.88721589  -25.15148088  -27.0977164 ]
  [ -24.15148601  -25.38403449  -24.15148689  -26.10897548]
  [ -23.15148844  -24.74794452  -23.15148805  -25.06464362]
  [ -22.15148901  -24.13860526  -22.15148909  -23.94214957]
  [ -21.15148921  -23.13761366  -21.15148919  -23.10539781]
  [ -20.15148925  -22.08685127  -20.15148925  -22.14962939]
  [ -19.15148925  -21.04431751  -19.15148926  -21.12984682]
  [ -18.15148926  -20.11187762  -18.15148926  -20.14525929]
  [ -17.15148926  -19.15115142  -17.15148926  -19.1502804 ]
  [ -16.15148926  -18.14745742  -16.15148926  -18.11877238]
  [ -15.15148926  -17.14884342  -15.15148926  -16.92193537]
  [ -14.15148926  -16.14473969  -14.15148926  -16.10058565]
  [ -13.15148926  -15.09595649  -13.15148926  -15.15100143]
  [ -13.15106461  -14.1502069   -12.15148926  -14.15129715]]

 [[ -30.14981773  -31.11850813  -30.14943914  -31.98102264]
  [ -29.15119374  -30.98927111  -29.15126618  -31.06554829]
  [ -28.1513767   -29.94210346  -28.1513778   -30.11837804]
  [ -27.15145971  -28.48711513  -27.15146576  -29.14115497]
  [ -26.15148414  -28.11121363  -26.15148345  -28.08685971]
  [ -25.15148756  -27.12681667  -25.15148722  -27.04844042]
  [ -24.15148883  -26.11073645  -24.1514888   -25.72623371]
  [ -23.15148912  -25.13106748  -23.15148903  -24.82529575]
  [ -22.15148923  -24.08534288  -22.15148922  -23.99077919]
  [ -21.15148925  -22.91472852  -21.15148925  -23.12382973]
  [ -20.15148926  -22.11636608  -20.15148926  -22.13842274]
  [ -19.15148926  -21.14899762  -19.15148926  -21.14974321]
  [ -18.15148926  -20.13852091  -18.15148926  -20.1512697 ]
  [ -17.15148926  -19.1104526   -17.15148926  -19.14909995]
  [ -16.15148926  -18.11443068  -16.15148926  -18.02727376]
  [ -15.15148926  -17.14982196  -15.15148926  -17.11334021]
  [ -14.15148926  -16.15038059  -14.15148926  -16.14987777]
  [ -13.15148926  -15.15081639  -13.15148926  -15.14998675]
  [ -12.15148926  -14.15109027  -12.15148926  -14.14438219]
  [ -12.15148868  -13.15148914  -11.15148926  -13.15145553]]

 [[ -29.15111048  -29.29161445  -29.15104366  -30.67112076]
  [ -28.15146242  -29.66419459  -28.1514527   -29.99959037]
  [ -27.15148228  -29.12568012  -27.15148439  -28.83738759]
  [ -26.15148786  -28.14113503  -26.15148762  -27.68103292]
  [ -25.15148879  -27.1224762   -25.15148878  -27.06795918]
  [ -24.15148914  -26.02657363  -24.15148916  -26.14518204]
  [ -23.15148924  -25.14548819  -23.15148924  -24.98549239]
  [ -22.15148926  -23.96989921  -22.15148925  -23.94333512]
  [ -21.15148926  -23.14628996  -21.15148926  -22.8887591 ]
  [ -20.15148926  -22.15054328  -20.15148926  -22.14525629]
  [ -19.15148926  -21.11157196  -19.15148926  -21.14768708]
  [ -18.15148926  -20.13249105  -18.15148926  -20.15068331]
  [ -17.15148926  -19.15039995  -17.15148926  -19.14764854]
  [ -16.15148926  -18.15001983  -16.15148926  -18.14557785]
  [ -15.15148926  -17.15001006  -15.15148926  -17.15104763]
  [ -14.15148926  -16.14840974  -14.15148926  -16.14870506]
  [ -13.15148926  -15.14907159  -13.15148926  -15.14907396]
  [ -12.15148926  -14.15134258  -12.15148926  -14.1504613 ]
  [ -11.15148926  -13.15139406  -11.15148926  -13.14416146]
  [ -11.15148926  -12.15148922  -10.15148926  -12.15148926]]

 [[ -28.1514658   -28.6287916   -28.73667894  -29.3842189 ]
  [ -27.15148924  -28.95446149  -99.99997616  -28.31363753]
  [ -26.15148926  -27.57006118  -99.99999404  -27.76357624]
  [ -25.15148926  -26.84408067  -99.99997616  -27.14824258]
  [ -24.15148926  -26.13829694  -99.99999925  -26.12942695]
  [ -23.15148926  -25.14968044  -99.99923706  -24.7924669 ]
  [ -22.15148926  -24.11250408  -99.99999851  -24.12291709]
  [ -21.15148926  -23.14654169  -99.99999404  -23.14605832]
  [ -20.15148926  -22.15086773  -99.99999963  -22.15074474]
  [ -19.15148926  -21.14405235  -99.99999702  -21.15144098]
  [ -18.15148926  -20.14753569  -99.99923706  -20.15131996]
  [ -17.15148926  -19.15128114  -99.99999851  -19.15148856]
  [ -16.15148926  -18.15148392  -99.99999981  -18.15147322]
  [ -15.15148926  -17.15148492  -99.99999963  -17.15148925]
  [ -14.15148926  -16.15148145  -99.99999404  -16.15132551]
  [ -13.15148926  -15.15148899  -99.99999981  -15.15144402]
  [ -12.15148926  -14.151488    -99.99999963  -14.15147441]
  [ -11.15148926  -13.15148926 -100.          -13.15148916]
  [ -10.15148926  -12.15148926  -99.99999981  -12.15148926]
  [ -10.15148926  -11.15148926   -9.15148926  -11.15148926]]

 [[ -99.99694824  -28.65629361  -28.54294467  -28.70013051]
  [   0.            0.            0.            0.        ]
  [   0.            0.            0.            0.        ]
  [   0.            0.            0.            0.        ]
  [   0.            0.            0.            0.        ]
  [   0.            0.            0.            0.        ]
  [   0.            0.            0.            0.        ]
  [   0.            0.            0.            0.        ]
  [   0.            0.            0.            0.        ]
  [   0.            0.            0.            0.        ]
  [   0.            0.            0.            0.        ]
  [   0.            0.            0.            0.        ]
  [   0.            0.            0.            0.        ]
  [   0.            0.            0.            0.        ]
  [   0.            0.            0.            0.        ]
  [   0.            0.            0.            0.        ]
  [   0.            0.            0.            0.        ]
  [   0.            0.            0.            0.        ]
            0.        ]
  [  -8.15148926  -93.75         -8.375        -8.30285215]]]
 	 
   -8.375        -8.30285215]]]
 	 
