n_eps = 500	 alpha = 0.5	 world size = 10,20
route SARSA:[[0, 0], [1, 0], [2, 0], [3, 0], [4, 0], [4, 1], [5, 1], [5, 2], [5, 3], [5, 4], [5, 5], [5, 6], [5, 7], [5, 8], [5, 9], [5, 10], [5, 11], [4, 11], [4, 12], [5, 12], [5, 13], [6, 13], [6, 14], [6, 15], [7, 15]]
route Q-Learn:[[0, 0], [1, 0], [1, 1], [1, 2], [1, 3], [1, 4], [1, 5], [1, 6], [1, 7], [1, 8], [1, 9], [1, 10], [1, 11], [1, 12], [1, 13], [2, 13], [3, 13], [4, 13], [4, 14], [5, 14], [6, 14], [6, 15], [7, 15]]
Q Value function SARSA: [[[-100.          -63.44384498  -58.49619743  -65.51725849]
  [   0.            0.            0.            0.        ]
  [   0.            0.            0.            0.        ]
  [   0.            0.            0.            0.        ]
  [   0.            0.            0.            0.        ]
  [   0.            0.            0.            0.        ]
  [   0.            0.            0.            0.        ]
  [   0.            0.            0.            0.        ]
  [   0.            0.            0.            0.        ]
  [   0.            0.            0.            0.        ]
  [   0.            0.            0.            0.        ]
  [   0.            0.            0.            0.        ]
  [   0.            0.            0.            0.        ]
  [   0.            0.            0.            0.        ]
  [   0.            0.            0.            0.        ]
  [   0.            0.            0.            0.        ]
  [   0.            0.            0.            0.        ]
  [   0.            0.            0.            0.        ]
  [   0.            0.            0.            0.        ]
  [ -44.67361069  -96.875       -30.96945378  -72.96875   ]]

 [[ -80.0645134   -58.57886243  -56.98625416  -61.08590616]
  [ -68.54930746  -57.58577758  -56.26811568  -99.99990463]
  [ -64.24481779  -57.63564892  -65.9682797   -99.99923706]
  [ -74.15490765  -58.813183    -55.68716468  -99.21875   ]
  [ -49.08521892  -57.67129746  -54.4403004   -99.609375  ]
  [ -55.91830208  -48.92711547  -47.58649713  -99.8046875 ]
  [ -52.28110116  -78.09699773  -43.77613899  -99.609375  ]
  [ -53.65057286  -48.17560247  -48.49330118  -99.609375  ]
  [ -41.83478968  -53.35349344  -41.31870269  -93.75      ]
  [ -50.73617019  -41.85546734  -44.59291595  -99.97558594]
  [ -66.88723193  -43.58929886  -40.38668241  -96.875     ]
  [ -36.61146453  -42.4492315   -37.77757889  -99.90234375]
  [ -40.09535984  -36.13780847  -36.10385933  -98.4375    ]
  [ -35.93897773  -39.73884391  -32.60987743  -99.21875   ]
  [ -62.55696477  -38.11628313  -34.50754593  -96.875     ]
  [ -45.83290248  -33.68511991  -34.43256453  -96.875     ]
  [ -64.37494903  -36.54694191  -32.0297116   -99.21875   ]
  [ -78.26458297  -31.82708189  -31.33763555  -99.8046875 ]
  [ -36.63862375  -45.85750943  -37.0281226   -99.99847412]
  [ -31.05656156  -31.67206044  -31.33943521  -34.24643746]]

 [[ -56.42692666  -58.92516614  -55.55519947  -58.80105045]
  [ -57.30796801  -56.64253879  -54.87215157  -59.85551258]
  [ -52.27511588  -55.19559254  -53.40725847  -62.23030998]
  [ -51.26856981  -54.11532512  -52.55333714  -61.20798606]
  [ -50.36951739  -50.52173904  -49.16515451  -51.33049327]
  [ -46.52442253  -50.77442638  -46.64590254  -52.28100742]
  [ -45.39490006  -45.77869898  -46.05905225  -48.96806597]
  [ -45.72253333  -46.08459695  -44.67099039  -56.67880076]
  [ -55.19759676  -47.51280083  -45.18385035  -47.18339961]
  [ -54.87755592  -40.60552804  -40.74807181  -44.97742967]
  [ -43.81199225  -40.6730005   -40.47872402  -54.92891804]
  [ -39.40982764  -43.97421158  -37.35681434  -52.69414208]
  [ -41.81613651  -38.6105095   -37.31992596  -50.95736164]
  [ -35.54663684  -50.97367981  -35.46779596  -39.99475637]
  [ -34.43509669  -34.87768342  -33.54932876  -36.08579118]
  [ -51.88157773  -35.2752404   -33.85558989  -41.33251548]
  [ -32.41290609  -34.62435163  -31.99408789  -38.97072167]
  [ -33.84921011  -40.76433804  -33.22303848  -35.00992887]
  [ -33.87303995  -36.38876577  -33.92809437  -34.1422252 ]
  [ -34.07471633  -33.82769943  -33.63806725  -34.55242732]]

 [[ -54.72698216  -55.79394273  -54.04088753  -58.34271369]
  [ -54.99183012  -55.14268357  -53.42227516  -56.52672734]
  [ -54.59372712  -54.82009206  -51.48387553  -54.27235322]
  [ -49.97870091  -55.05085949  -50.72877162  -52.99388039]
  [ -47.85217923  -50.71706969  -49.77953708  -51.41937563]
  [ -46.26700355  -48.52130522  -48.39879004  -49.96703524]
  [ -45.13323286  -48.66840492  -46.09433443  -46.04555436]
  [ -44.94102122  -46.29061625  -43.71712295  -46.58418231]
  [ -45.25085647  -44.86322215  -42.62017295  -45.03163209]
  [ -39.27089196  -43.64535903  -40.95779131  -49.07458863]
  [ -38.00307702  -40.07670429  -40.75433323  -40.59587845]
  [ -37.12515216  -38.94949456  -38.04042398  -39.65140491]
  [ -37.78132082  -38.22006073  -35.86482807  -39.20352526]
  [ -35.11535814  -37.85196224  -33.258573    -39.85629489]
  [ -34.42230934  -34.21105227  -31.35048189  -35.24989457]
  [ -33.86167863  -34.64717638  -34.50429028  -41.44353324]
  [ -34.68714845  -33.15631257  -32.86987804  -32.88076391]
  [ -33.76749948  -35.1639827   -33.66696273  -34.35129052]
  [ -33.69410302  -33.73980296  -33.98493931  -33.9239339 ]
  [ -33.63324328  -33.75022257  -34.03345562  -33.46487925]]

 [[ -52.43472177  -54.55027105  -53.36571225  -56.56237701]
  [ -52.77980576  -53.95895918  -51.55127831  -55.34959736]
  [ -52.21010473  -53.16470543  -50.43407688  -52.97306285]
  [ -48.09595888  -52.65378853  -51.35050305  -51.72161835]
  [ -46.46060442  -50.08645876  -50.59990422  -50.00445131]
  [ -46.56087284  -49.3837253   -48.19658644  -47.60409028]
  [ -44.72742938  -48.70963258  -45.75689804  -46.40426397]
  [ -44.18918899  -46.51690565  -44.67232745  -45.22519515]
  [ -40.55939987  -43.964063    -43.78905471  -44.92864031]
  [ -40.83589203  -43.7621713   -39.29090929  -41.90562308]
  [ -36.38828256  -40.97008443  -39.82096021  -38.86131806]
  [ -35.34122472  -39.88270792  -36.97440017  -38.76208152]
  [ -36.5048103   -36.83483993  -34.28813162  -37.25790502]
  [ -32.97400703  -36.66766034  -32.89654684  -36.97829313]
  [ -33.73599796  -34.22070964  -33.31398588  -35.26088973]
  [ -32.73343851  -34.04751254  -29.88178736  -34.18555076]
  [ -33.85518979  -31.59828682  -32.72131759  -32.51917226]
  [ -33.78357828  -33.00444083  -33.55865067  -33.36828751]
  [ -33.67512996  -33.82351958  -34.33500481  -33.69125416]
  [ -34.48503143  -34.49210316  -33.79577478  -33.84821609]]

 [[ -52.51801014  -53.79775619  -52.85722856  -53.99204952]
  [ -51.52326134  -54.22468557  -52.64618613  -53.85159428]
  [ -50.14784482  -52.86417458  -50.52958831  -53.25287826]
  [ -48.33881531  -50.95560598  -50.46717495  -50.19518923]
  [ -46.73537703  -51.07094466  -49.82187834  -50.51072223]
  [ -46.11627516  -50.75401038  -48.49484621  -46.52977139]
  [ -44.08023289  -46.97794997  -45.58360677  -46.1048725 ]
  [ -42.17300648  -44.99361831  -45.66101115  -45.14098555]
  [ -40.02765794  -45.08883555  -43.6201865   -42.94232491]
  [ -37.9695704   -44.21502983  -43.1565857   -40.54865504]
  [ -36.64549439  -42.04855043  -38.64684537  -41.06416781]
  [ -37.0435758   -40.31690403  -37.19838914  -36.98862155]
  [ -33.25702458  -37.84232004  -34.86555734  -36.90688569]
  [ -32.49545353  -35.45685327  -32.45848502  -33.44872047]
  [ -29.16085582  -33.28142441  -31.18832511  -33.83399677]
  [ -33.09098575  -32.38093566  -26.09791529  -33.71162829]
  [ -34.27185428  -33.15650637  -32.86265159  -33.25807833]
  [ -33.58273202  -33.95798771  -33.96516269  -33.63460736]
  [ -34.01125673  -33.92023341  -33.63702209  -33.88142904]
  [ -33.61626822  -33.76717918  -33.50115172  -33.78086056]]

 [[ -53.08795864  -52.53302379  -52.93707222  -53.10821298]
  [ -53.27119994  -53.08476151  -52.42671615  -53.38453145]
  [ -49.14122771  -51.57522048  -52.22356964  -51.06261622]
  [ -49.66841529  -50.86188859  -50.62574285  -50.03708698]
  [ -49.45017242  -49.74954368  -49.00671676  -48.98365333]
  [ -46.59763591  -49.31239521  -49.16046771  -47.99955575]
  [ -45.02226737  -49.63120121  -46.58392887  -45.46452818]
  [ -44.56080163  -45.37008022  -44.87119414  -44.43283192]
  [ -45.10402021  -43.90657611  -43.14890405  -44.61312301]
  [ -37.7668161   -41.95382743  -45.09099252  -40.71006182]
  [ -37.30702495  -41.84991374  -44.78245538  -38.4267083 ]
  [ -37.47674969  -39.59449574  -38.28626658  -37.62618393]
  [ -34.00928034  -37.74036048  -33.79176395  -36.24628338]
  [ -29.17333003  -33.67481267  -33.77822488  -33.84728608]
  [ -25.4879323   -33.18900977  -27.26307646  -32.74685815]
  [ -31.00967245  -30.49675313  -24.42194662  -30.60349018]
  [ -34.39317955  -30.71175624  -30.73277546  -30.70584511]
  [ -33.94240535  -30.90656954  -31.22962275  -33.78131845]
  [ -33.550498    -32.30037752  -34.98296861  -33.82821419]
  [ -33.58255381  -34.04059662  -33.33385284  -33.77092867]]

 [[ -52.7910625   -52.73287788  -52.75728674  -52.72601368]
  [ -52.14218142  -52.51444292  -52.2958851   -52.76961153]
  [ -51.17090401  -52.29178567  -59.38077288  -51.99668461]
  [ -55.02801433  -50.86626223  -50.54001314  -50.30094235]
  [ -47.5376066   -49.69602025  -80.93059151  -48.73840929]
  [ -47.91383162  -48.29000408  -47.19004871  -47.22102565]
  [ -46.89006215  -47.05459145  -46.30487708  -45.5655791 ]
  [ -42.768172    -45.42643058  -46.46207635  -43.34973906]
  [ -41.25837141  -44.23550546  -44.13931216  -43.28995401]
  [ -47.37736789  -42.94973518  -48.17105985  -39.62020659]
  [ -43.45550422  -54.84684413  -56.24590326  -41.06181367]
  [ -36.66256915  -40.38835319  -58.66564173  -42.42091009]
  [ -30.77977082  -38.89542042  -67.50678498  -35.96316814]
  [ -34.88098508  -33.30157884  -33.62900983  -33.3360257 ]
  [ -24.4214253   -32.77804834  -37.74073889  -30.09697717]
  [ -30.07627335  -24.68807373  -32.53663268  -23.4212499 ]
  [ -31.04198743  -27.28131518  -31.73757437  -31.74685295]
  [ -30.85396915  -29.05655209  -33.46791704  -32.28983634]
  [ -32.86279931  -38.02598402  -47.91793183  -33.24827366]
  [ -33.35514127  -33.03416147  -38.59841924  -33.3891039 ]]

 [[ -52.45285931  -52.95665669  -52.93601208  -52.97055223]
  [ -51.35975711  -52.53324071  -99.8046875   -52.01763806]
  [ -51.43187829  -53.67579234  -98.4375      -51.04815237]
  [ -48.65881221  -53.29998891  -99.21875     -52.99040182]
  [ -69.65306774  -48.48064788  -99.97558594  -48.20402572]
  [ -48.51789945  -73.65728422  -98.4375      -47.48135876]
  [ -48.8454175   -47.56585501  -99.609375    -45.05464393]
  [ -50.16046711  -71.1559068   -99.8046875   -43.55127862]
  [ -53.01484332  -44.17083847  -99.609375    -48.04092147]
  [ -67.23856443  -67.45664867  -98.4375      -41.57052033]
  [ -50.32263355  -64.6102381   -99.609375    -39.42976358]
  [ -65.25339043  -36.32562301  -99.8046875   -36.26307593]
  [ -64.54704792  -38.72437873  -99.21875     -34.68338515]
  [ -35.00252957  -39.0919817   -98.4375      -32.74455936]
  [ -43.69047657  -31.99713141  -98.4375      -35.33251304]
  [ -26.48673085  -45.98628028  -98.4375      -24.4270243 ]
  [ -29.42458658  -35.89709383  -93.75        -27.29480596]
  [ -30.77694621  -29.40249977  -99.21875     -29.93879204]
  [ -46.25059209  -46.87010839  -99.21875     -32.0005524 ]
  [ -28.61653288  -38.3542653   -27.45580329  -27.92539101]]

 [[ -99.609375    -52.25088417  -51.36719015  -50.60788462]
  [   0.            0.            0.            0.        ]
  [   0.            0.            0.            0.        ]
  [   0.            0.            0.            0.        ]
  [   0.            0.            0.            0.        ]
  [   0.            0.            0.            0.        ]
  [   0.            0.            0.            0.        ]
  [   0.            0.            0.            0.        ]
  [   0.            0.            0.            0.        ]
  [   0.            0.            0.            0.        ]
  [   0.            0.            0.            0.        ]
  [   0.            0.            0.            0.        ]
  [   0.            0.            0.            0.        ]
  [   0.            0.            0.            0.        ]
  [   0.            0.            0.            0.        ]
  [   0.            0.            0.            0.        ]
  [   0.            0.            0.            0.        ]
  [   0.            0.            0.            0.        ]
  [   0.            0.            0.            0.        ]
  [ -28.12162867  -87.5         -31.8614511   -27.86939842]]]
 	 
Q Value function SARSA: [[[-100.          -32.73156061  -31.75108323  -32.7471403 ]
  [   0.            0.            0.            0.        ]
  [   0.            0.            0.            0.        ]
  [   0.            0.            0.            0.        ]
  [   0.            0.            0.            0.        ]
  [   0.            0.            0.            0.        ]
  [   0.            0.            0.            0.        ]
  [   0.            0.            0.            0.        ]
  [   0.            0.            0.            0.        ]
  [   0.            0.            0.            0.        ]
  [   0.            0.            0.            0.        ]
  [   0.            0.            0.            0.        ]
  [   0.            0.            0.            0.        ]
  [   0.            0.            0.            0.        ]
  [   0.            0.            0.            0.        ]
  [   0.            0.            0.            0.        ]
  [   0.            0.            0.            0.        ]
  [   0.            0.            0.            0.        ]
  [   0.            0.            0.            0.        ]
  [ -14.11499931  -99.21875     -14.19185453  -14.08555398]]

 [[ -30.75140626  -31.74889884  -30.751487    -32.74431666]
  [ -29.75173805  -31.72690949  -29.75467155 -100.        ]
  [ -28.75191377  -30.71652707  -28.75667987 -100.        ]
  [ -27.75230237  -29.70447626  -27.75497033 -100.        ]
  [ -26.75259137  -28.65571016  -26.75584915 -100.        ]
  [ -25.75283496  -27.74524806  -25.75708876 -100.        ]
  [ -24.75323656  -26.64399941  -24.75514984 -100.        ]
  [ -23.75381814  -25.60811395  -23.75785011 -100.        ]
  [ -22.75419023  -24.24116088  -22.75753137 -100.        ]
  [ -21.75590065  -23.64719328  -21.75775047 -100.        ]
  [ -20.75697497  -22.5710047   -20.75709979 -100.        ]
  [ -19.75810979  -20.9082523   -19.75905082 -100.        ]
  [ -18.758971    -19.06092308  -18.76004647 -100.        ]
  [ -17.76006409  -18.52621166  -17.76006297 -100.        ]
  [ -16.76055554  -17.6081281   -16.76109293 -100.        ]
  [ -16.40021008  -17.36342162  -15.76141507 -100.        ]
  [ -15.79069409  -16.07320503  -15.74113404  -99.99999999]
  [ -15.30793724  -15.6194514   -15.4538091  -100.        ]
  [ -14.6565441   -15.10647039  -15.08642194 -100.        ]
  [ -14.50669222  -14.77943342  -14.53547388  -14.13939777]]

 [[ -29.75422587  -30.70173341  -29.7532111   -31.52552674]
  [ -28.75650479  -30.56191928  -28.75739595  -30.5602682 ]
  [ -27.75852898  -29.650829    -27.75845898  -29.5775074 ]
  [ -26.75921528  -28.16635294  -26.76034906  -28.60308244]
  [ -25.75949375  -27.69077139  -25.7602252   -27.57314556]
  [ -24.75999982  -25.50870506  -24.7605949   -26.67514605]
  [ -23.76057135  -25.52823206  -23.76075717  -25.6279912 ]
  [ -22.76084962  -24.66196015  -22.76101488  -24.57027147]
  [ -21.76096908  -23.71571703  -21.76139659  -23.33750538]
  [ -20.76114287  -22.60613049  -20.76126092  -22.68361338]
  [ -19.76122289  -21.56414332  -19.76131566  -21.65464897]
  [ -18.76135823  -20.70368933  -18.76133046  -20.59704869]
  [ -17.76142803  -19.61492169  -17.76143149  -19.57694271]
  [ -16.76145688  -18.75584245  -16.76145614  -18.52094781]
  [ -15.76146282  -17.66532521  -15.76146346  -17.43356749]
  [ -16.04225003  -16.70718285  -14.76146524  -16.3942356 ]
  [ -15.33420044  -15.39371445  -15.54157122  -15.62063444]
  [ -15.33198218  -15.06565965  -15.21695414  -15.4048349 ]
  [ -15.02527925  -15.27961804  -14.6780304   -14.69561516]
  [ -14.4947168   -14.72093245  -14.74741299  -14.54625476]]

 [[ -28.75490217  -29.42207857  -28.75581888  -30.68599553]
  [ -27.75922707  -29.73861751  -27.75869131  -29.65675835]
  [ -26.76014686  -28.69701457  -26.76041538  -28.20543953]
  [ -25.76085838  -27.60057795  -25.76106324  -27.49318786]
  [ -24.76118198  -26.73304995  -24.76108135  -26.03999295]
  [ -23.76127879  -25.39856586  -23.7613866   -25.22157163]
  [ -22.76139383  -24.26776451  -22.7614258   -24.71305688]
  [ -21.76143235  -23.62685447  -21.76143751  -23.62211158]
  [ -20.76144799  -22.71031598  -20.76145134  -22.09182601]
  [ -19.76145448  -21.74885203  -19.76145947  -21.69657454]
  [ -18.76146104  -20.6449123   -18.76146101  -20.54599635]
  [ -17.76146378  -19.60033155  -17.76146425  -19.66088892]
  [ -16.76146476  -18.52718544  -16.76146493  -18.67222858]
  [ -15.76146521  -17.75071251  -15.76146518  -17.46822639]
  [ -14.76146524  -16.7518469   -14.76146524  -16.26299303]
  [ -15.67110337  -15.74100743  -13.76146524  -15.68145128]
  [ -15.26560689  -14.7312375   -14.72466962  -15.2726514 ]
  [ -14.83828115  -14.66872188  -14.8978313   -15.3557881 ]
  [ -14.57448402  -14.86764931  -14.34240175  -14.20880228]
  [ -14.2544226   -14.09907738  -14.54989371  -14.38728893]]

 [[ -27.75679209  -28.64933592  -27.75759107  -29.54971124]
  [ -26.76025884  -27.6957512   -26.7603416   -28.57763385]
  [ -25.76108121  -27.56779303  -25.76103132  -27.68387392]
  [ -24.76134579  -26.65785448  -24.76136626  -26.5398255 ]
  [ -23.76142219  -25.35156101  -23.76142972  -25.56656238]
  [ -22.7614551   -24.72015464  -22.76145669  -24.47891384]
  [ -21.76146016  -23.72050281  -21.76146234  -23.7431061 ]
  [ -20.76146215  -22.75899241  -20.76146309  -22.73870221]
  [ -19.76146381  -21.73731989  -19.7614646   -21.45203162]
  [ -18.76146496  -20.69958281  -18.76146505  -20.60048237]
  [ -17.76146521  -19.72097865  -17.76146522  -19.59950104]
  [ -16.76146524  -18.74780827  -16.76146523  -18.66572177]
  [ -15.76146524  -17.71248901  -15.76146524  -17.75076082]
  [ -14.76146524  -16.70631228  -14.76146524  -16.65941985]
  [ -13.76146524  -15.7118744   -13.76146524  -15.58197707]
  [ -14.67337179  -14.7575023   -12.76146524  -14.76120331]
  [ -14.45481304  -13.75710061  -13.75004626  -14.27579755]
  [ -14.68765221  -14.13518526  -14.18437398  -15.26672733]
  [ -14.41781894  -14.43570218  -14.39313768  -14.2098596 ]
  [ -14.41934645  -14.46565291  -14.44252272  -14.31476524]]

 [[ -26.75841164  -27.12533901  -26.75929488  -26.89930389]
  [ -25.76101144  -27.4562301   -25.76113878  -27.49416098]
  [ -24.76133778  -26.71255106  -24.76139156  -26.62872563]
  [ -23.76145052  -25.54418371  -23.76144971  -25.18109611]
  [ -22.7614605   -24.73145982  -22.76146138  -24.68321663]
  [ -21.76146424  -23.74962819  -21.76146414  -23.65583784]
  [ -20.76146473  -22.76059325  -20.76146496  -22.70782857]
  [ -19.76146514  -21.76020838  -19.76146511  -21.76051296]
  [ -18.76146521  -20.75692286  -18.76146517  -20.56469767]
  [ -17.76146524  -19.73632733  -17.76146524  -19.7594908 ]
  [ -16.76146524  -18.68734468  -16.76146524  -18.75647325]
  [ -15.76146524  -17.73150522  -15.76146524  -17.75755534]
  [ -14.76146524  -16.75187797  -14.76146524  -16.75888914]
  [ -13.76146524  -15.75104038  -13.76146524  -15.7392016 ]
  [ -12.76146524  -14.70024479  -12.76146524  -14.75110627]
  [ -13.73670434  -13.75444868  -11.76146524  -13.76124396]
  [ -13.64947917  -12.76008659  -12.7599515   -14.31455221]
  [ -13.79175483  -13.56471137  -13.44947668  -13.96369811]
  [ -14.07022333  -13.66106688  -13.78598643  -13.91777956]
  [ -13.90665685  -14.2077455   -14.05325911  -14.36193863]]

 [[ -25.7605558   -26.04257856  -25.7609515   -26.2331148 ]
  [ -24.76141433  -25.79739133  -24.76143892  -26.37051557]
  [ -23.76146087  -25.66122529  -23.76145903  -25.5196292 ]
  [ -22.7614647   -24.7241439   -22.76146444  -24.58961575]
  [ -21.76146521  -23.74289684  -21.76146522  -23.72592155]
  [ -20.76146524  -22.75140833  -20.76146524  -22.73224109]
  [ -19.76146524  -21.712459    -19.76146524  -21.6543457 ]
  [ -18.76146524  -20.74384325  -18.76146524  -20.69021951]
  [ -17.76146524  -19.73638044  -17.76146524  -19.73595051]
  [ -16.76146524  -18.62820635  -16.76146524  -18.75209033]
  [ -15.76146524  -17.75483741  -15.76146524  -17.73854728]
  [ -14.76146524  -16.75162133  -14.76146524  -16.75263666]
  [ -13.76146524  -15.75901085  -13.76146524  -15.75951478]
  [ -12.76146524  -14.76055047  -12.76146524  -14.75830349]
  [ -11.76146524  -13.75353731  -11.76146524  -13.75729805]
  [ -12.76120201  -12.7604477   -10.76146524  -12.76141678]
  [ -13.60920851  -11.76141015  -11.76143253  -13.58213886]
  [ -12.95588501  -12.73646101  -12.74512275  -13.19127497]
  [ -13.45268117  -13.51435512  -13.34461156  -13.28685067]
  [ -13.9884744   -13.83730407  -13.63176791  -13.52994376]]

 [[ -24.76144235  -25.50026084  -24.79579218  -25.49849777]
  [ -23.76146524  -25.06942101  -24.18719025  -25.56593618]
  [ -22.76146524  -24.36096003  -23.8402786   -24.55511826]
  [ -21.76146524  -23.50879428  -23.12133714  -23.74677608]
  [ -20.76146524  -22.76075112  -21.72238073  -22.76143766]
  [ -19.76146524  -21.73422964  -21.72092016  -21.76126966]
  [ -18.76146524  -20.76098061  -20.73077358  -20.76107557]
  [ -17.76146524  -19.76145257  -19.75553672  -19.75386915]
  [ -16.76146524  -18.7614463   -18.74776318  -18.76144477]
  [ -15.76146524  -17.76143061  -17.75742901  -17.76137404]
  [ -14.76146524  -16.76146186  -16.76136882  -16.76146316]
  [ -13.76146524  -15.76146144  -15.76145273  -15.76146437]
  [ -12.76146524  -14.76143789  -14.76146296  -14.76146519]
  [ -11.76146524  -13.7614652   -13.76146393  -13.76146523]
  [ -10.76146524  -12.76146524  -12.76146139  -12.7614623 ]
  [  -9.78508645  -10.46933642   -9.76146524  -10.04964381]
  [ -12.74577642  -10.76146522  -12.33225461  -12.33051592]
  [ -13.35596024  -11.76143681  -11.92203053  -12.76887016]
  [ -13.31194738  -12.71533619  -12.82496409  -13.33799239]
  [ -13.45830135  -13.20937802  -13.14182095  -13.30503778]]

 [[ -24.20429182  -24.41919875  -24.25486271  -24.50971897]
  [ -23.47774175  -24.17203381  -99.99961853  -24.46860654]
  [ -22.92834678  -23.10394056  -99.99847412  -23.60154997]
  [ -22.19664562  -23.00518626  -99.97558594  -22.71913816]
  [ -21.49651128  -21.68501243  -99.99923706  -21.47608913]
  [ -20.74213374  -21.16822878  -99.95117188  -20.74658278]
  [ -19.75600155  -21.03828702  -99.99847412  -19.75827334]
  [ -18.75996306  -20.26582641  -99.97558594  -18.7593121 ]
  [ -17.76100859  -18.81821471  -99.99389648  -17.76099768]
  [ -16.76134333  -17.73580765  -99.8046875   -16.76131188]
  [ -15.76145211  -17.72412653  -99.97558594  -15.76145156]
  [ -14.76146281  -16.59076414  -99.99923706  -14.76146208]
  [ -13.76146479  -15.53939514  -99.97558594  -13.76146499]
  [ -12.76146506  -14.71213879  -99.90234375  -12.76146519]
  [ -11.76146519  -13.70220114  -99.97558594  -11.7614652 ]
  [ -12.52643931  -12.61911468  -99.609375    -10.76146523]
  [ -12.39543849  -11.70578725  -99.98779297  -11.72786386]
  [ -12.86351836  -12.10991508  -98.4375      -12.18190831]
  [ -13.04712873  -12.84509567  -99.8046875   -12.5844708 ]
  [ -12.64465337  -13.12699468  -12.87134476  -12.9320739 ]]

 [[ -99.97558594  -24.23387988  -24.04294467  -24.40508232]
  [   0.            0.            0.            0.        ]
  [   0.            0.            0.            0.        ]
  [   0.            0.            0.            0.        ]
  [   0.            0.            0.            0.        ]
  [   0.            0.            0.            0.        ]
  [   0.            0.            0.            0.        ]
  [   0.            0.            0.            0.        ]
  [   0.            0.            0.            0.        ]
  [   0.            0.            0.            0.        ]
  [   0.            0.            0.            0.        ]
  [   0.            0.            0.            0.        ]
  [   0.            0.            0.            0.        ]
  [   0.            0.            0.            0.        ]
  [   0.            0.            0.            0.        ]
  [   0.            0.            0.            0.        ]
  [   0.            0.            0.            0.        ]
  [   0.            0.            0.            0.        ]
  [   0.            0.            0.            0.        ]
  [ -12.45736694  -96.875       -13.11030579  -12.8226685 ]]]
 	 
