n_eps = 500	 alpha = 0.5	 world size = 10,20
route SARSA:[[0, 0], [1, 0], [2, 0], [2, 1], [2, 2], [2, 3], [3, 3], [4, 3], [4, 4], [4, 5], [4, 6], [4, 7], [4, 8], [4, 9], [5, 9], [6, 9], [6, 10], [6, 11], [5, 11], [5, 12], [5, 13], [5, 14], [5, 15]]
route Q-Learn:[[0, 0], [1, 0], [1, 1], [1, 2], [1, 3], [1, 4], [1, 5], [1, 6], [1, 7], [1, 8], [1, 9], [1, 10], [2, 10], [3, 10], [3, 11], [4, 11], [5, 11], [5, 12], [5, 13], [5, 14], [5, 15]]
Q Value function SARSA: [[[-100.          -68.91694996  -51.48073743  -60.00400176]
  [   0.            0.            0.            0.        ]
  [   0.            0.            0.            0.        ]
  [   0.            0.            0.            0.        ]
  [   0.            0.            0.            0.        ]
  [   0.            0.            0.            0.        ]
  [   0.            0.            0.            0.        ]
  [   0.            0.            0.            0.        ]
  [   0.            0.            0.            0.        ]
  [   0.            0.            0.            0.        ]
  [   0.            0.            0.            0.        ]
  [   0.            0.            0.            0.        ]
  [   0.            0.            0.            0.        ]
  [   0.            0.            0.            0.        ]
  [   0.            0.            0.            0.        ]
  [   0.            0.            0.            0.        ]
  [   0.            0.            0.            0.        ]
  [   0.            0.            0.            0.        ]
  [   0.            0.            0.            0.        ]
  [ -51.12079205  -96.875       -18.61820429  -15.68447835]]

 [[ -78.40321095  -55.05320947  -50.36533976  -61.58306489]
  [ -54.16510147  -52.38299959  -49.51821234  -99.99998808]
  [ -66.02434384  -53.28716468  -47.02775967  -99.98779297]
  [ -72.87938393  -54.8211384   -44.90663319  -99.21875   ]
  [ -62.87805431  -44.90115343  -43.78058731  -99.8046875 ]
  [ -35.68522857  -34.15066089  -37.61248113  -99.8046875 ]
  [ -40.6133663   -63.97937935  -39.09498096  -99.609375  ]
  [ -36.9279664   -64.49680254  -39.36929352  -99.21875   ]
  [ -61.76423007  -40.8507957   -36.13824022  -87.5       ]
  [ -63.70426515  -35.46853326  -36.63829141  -99.95117188]
  [ -41.41589453  -50.78026829  -33.37243385  -96.875     ]
  [ -42.06845375  -30.08199577  -28.56520746  -99.609375  ]
  [ -40.2576983   -27.699731    -29.87304823  -96.875     ]
  [ -31.98911039  -28.21952914  -30.01661672  -96.875     ]
  [ -58.25240173  -40.91122446  -25.83925917  -98.4375    ]
  [ -78.54319524  -36.29343998  -27.23639001  -96.875     ]
  [ -24.37753901  -28.38842104  -26.0260261   -98.4375    ]
  [ -45.4284264   -38.00105076  -25.95071922  -99.21875   ]
  [ -32.73114528  -24.29870728  -34.27989741  -99.98779297]
  [ -29.79255843  -23.797772    -24.52665144  -33.68137198]]

 [[ -48.42249413  -51.25903353  -51.14605245  -58.86985139]
  [ -47.21185597  -51.63175426  -49.33800833  -51.81601393]
  [ -47.07848739  -49.84542566  -48.01963429  -61.26682624]
  [ -50.51894602  -49.25555198  -45.73973657  -85.51911936]
  [ -53.43012244  -45.6245142   -45.47432648  -72.29725241]
  [ -40.20057154  -43.40848837  -41.22262855  -43.0123914 ]
  [ -39.8488691   -40.02195096  -39.59743035  -67.99890407]
  [ -40.16484802  -39.99258898  -36.95980964  -68.10329037]
  [ -36.08928629  -36.14745664  -36.58459176  -36.21545973]
  [ -42.47885812  -36.26392001  -35.07214394  -36.48004498]
  [ -37.72263173  -35.54290968  -33.26135881  -41.95087965]
  [ -35.39285836  -34.71250217  -35.1406818   -43.72844992]
  [ -33.90408974  -31.59474408  -30.36290298  -40.98264152]
  [ -37.30108624  -31.22442934  -28.24854326  -35.01841791]
  [ -31.63713602  -29.36340482  -29.45397937  -42.44104052]
  [ -28.48333823  -27.87306388  -26.40954611  -31.004297  ]
  [ -26.74658631  -26.90880111  -26.35533569  -24.95806526]
  [ -26.72059267  -26.23011869  -25.82636706  -25.91152076]
  [ -24.38382508  -24.75090642  -24.89333479  -38.6927935 ]
  [ -27.80982475  -24.7259424   -24.97134517  -27.19638165]]

 [[ -50.95262007  -49.97532058  -49.56408782  -51.35102332]
  [ -48.97274901  -50.97483392  -48.85386237  -51.87044878]
  [ -48.25671221  -49.24865494  -46.95046514  -48.43498449]
  [ -47.22757881  -47.32213682  -44.03320182  -51.34362733]
  [ -39.8925897   -43.79826259  -44.57597358  -50.59992063]
  [ -38.60624733  -42.21981598  -42.31784477  -40.52117613]
  [ -37.80248316  -40.69737965  -39.53008896  -39.55707736]
  [ -36.55935855  -39.95110083  -37.84767065  -38.36477383]
  [ -35.90262006  -38.2123861   -38.34246966  -36.83283698]
  [ -34.82586097  -36.25030986  -35.29608652  -35.76338258]
  [ -33.99462964  -35.6311535   -33.15600579  -35.08081874]
  [ -30.42391672  -33.19918499  -31.69612666  -36.95855043]
  [ -28.63108565  -31.62137731  -30.00412411  -30.84371002]
  [ -26.69116587  -30.41029717  -28.99024755  -29.14941789]
  [ -25.32061844  -28.82506548  -27.09478215  -29.61998011]
  [ -26.60371677  -27.43207027  -24.11236377  -35.25518052]
  [ -25.97465071  -25.65974038  -25.00147818  -26.53246162]
  [ -25.64578106  -25.46970186  -25.63389069  -25.71292507]
  [ -25.7292849   -25.05919635  -25.27828219  -25.32601908]
  [ -25.81769989  -25.20022923  -25.47570365  -25.29369011]]

 [[ -48.82267192  -48.68666504  -48.30858945  -50.7543646 ]
  [ -46.57836705  -48.83599111  -46.44955452  -48.82388137]
  [ -44.19104599  -47.66729113  -45.42602052  -48.46460446]
  [ -43.47077162  -45.75789199  -44.42193758  -45.18572572]
  [ -40.51074503  -45.55154731  -43.22789401  -42.00285202]
  [ -39.14706537  -44.83574609  -40.18592033  -40.06702033]
  [ -37.64347213  -40.83267656  -39.12372689  -39.17003882]
  [ -35.81353239  -39.83104109  -38.43751158  -39.10097243]
  [ -34.56557838  -37.91660538  -34.79749589  -37.873165  ]
  [ -34.35332425  -35.90512518  -33.35837356  -35.28662369]
  [ -31.66343772  -35.55616587  -34.42296536  -34.10429569]
  [ -29.34143177  -35.01559561  -30.94436161  -35.29792467]
  [ -27.88731043  -31.00705275  -30.18360924  -30.6403394 ]
  [ -26.65718078  -29.09023672  -30.28072297  -29.094651  ]
  [ -25.30051023  -28.48099849  -28.1620145   -29.18611426]
  [ -25.89195985  -26.35099656  -23.46814075  -25.38265993]
  [ -25.15300339  -26.09844564  -24.87122313  -25.93723748]
  [ -25.11909926  -25.18281231  -25.08388637  -25.75166485]
  [ -25.86450704  -25.87279983  -25.40421462  -27.37419954]
  [ -25.14532277  -25.90243684  -25.35437224  -25.21836125]]

 [[ -48.04603349  -47.80901368  -47.67444379  -48.99074679]
  [ -44.61143277  -48.65134548  -48.25127032  -48.47349533]
  [ -43.41955213  -47.45051618  -46.14056705  -46.57647576]
  [ -41.1523064   -45.81563167  -44.62819317  -43.93449494]
  [ -39.33444998  -44.46903266  -42.41710442  -41.76296706]
  [ -37.89000365  -41.94873703  -41.09198462  -40.56222501]
  [ -36.76209268  -41.34019598  -38.8358723   -39.86739923]
  [ -35.20657633  -39.73174039  -38.08881369  -38.60382881]
  [ -33.71869446  -38.05108322  -36.41910591  -37.23811918]
  [ -34.00668895  -37.01031745  -33.98567316  -35.27078793]
  [ -29.71982543  -34.88883266  -33.92156539  -33.51512074]
  [ -28.32291018  -32.82765972  -31.34466968  -31.65228679]
  [ -26.72386065  -29.55828621  -30.49756987  -31.2529405 ]
  [ -24.21099204  -28.77538332  -27.72821793  -28.1141692 ]
  [ -22.89778927  -29.90854909  -25.25874775  -26.63199556]
  [ -21.65070466  -24.50915891  -23.29551618  -21.81583351]
  [ -24.76660442  -23.95559725  -24.75312039  -25.10920018]
  [ -25.01917564  -24.88249534  -24.82101271  -24.98105232]
  [ -25.15750059  -25.28400197  -25.03862571  -25.27073949]
  [ -25.73627693  -25.22782783  -25.14470206  -25.65157791]]

 [[ -47.55435405  -47.9554952   -47.45141099  -47.9106678 ]
  [ -45.78550904  -48.1530059   -52.87721575  -47.30906988]
  [ -44.80173765  -47.06261188  -45.54934917  -46.51378451]
  [ -44.12289215  -45.44672044  -44.9804695   -44.82856534]
  [ -42.99918586  -44.87356909  -42.55592716  -43.33408607]
  [ -38.24022282  -43.23126834  -42.17020477  -41.79954717]
  [ -37.75704732  -41.86990969  -40.97003148  -40.47599964]
  [ -36.53623536  -38.71478416  -39.7879705   -38.32052304]
  [ -34.05776545  -38.59900807  -41.05472309  -36.31002901]
  [ -32.90145027  -35.14743165  -35.20809458  -35.6960142 ]
  [ -31.09744726  -34.62456     -33.74212643  -32.33874376]
  [ -32.41119861  -32.58753917  -31.80375899  -31.03075816]
  [ -26.82749558  -32.96591944  -30.09434493  -30.51996202]
  [ -25.67617835  -29.81366854  -29.8317133   -28.55661586]
  [ -23.67726987  -30.09639425  -26.56178976  -25.08237684]
  [ -25.28048715  -26.20513278  -26.94225658  -22.65110655]
  [ -31.07532696  -23.97382024  -25.05215296  -24.58721998]
  [ -24.1714219   -24.73619747  -29.97142636  -24.95989109]
  [ -25.46023929  -37.29120833  -26.69957007  -25.07922475]
  [ -25.46800038  -25.45895334  -25.33929326  -25.38108423]]

 [[ -48.70154     -48.25868131  -47.44322857  -47.49712239]
  [ -51.6235266   -47.06856066  -48.38504951  -46.6525983 ]
  [ -45.12528731  -46.64875933  -56.59785657  -45.19683769]
  [ -46.23400358  -45.23746383  -44.78861621  -43.9099332 ]
  [ -43.04701175  -44.48134461  -55.21794826  -42.93074382]
  [ -44.66580353  -43.0061219   -48.16095303  -41.01907191]
  [ -41.53286483  -45.03008106  -54.18391747  -38.83727238]
  [ -43.50371113  -39.40219827  -72.38698317  -39.02778483]
  [ -34.8309049   -38.6056019   -36.2502211   -34.5464575 ]
  [ -43.36084573  -36.59124447  -36.10429324  -33.52661148]
  [ -47.90320153  -33.74331484  -33.64179279  -34.69756444]
  [ -32.67360328  -31.50221818  -34.78175469  -30.74345532]
  [ -29.12400425  -38.09777491  -32.5309469   -30.60305642]
  [ -26.91046773  -34.49956031  -30.55576031  -29.42851843]
  [ -25.04527367  -30.69344111  -27.38179969  -27.63399207]
  [ -30.07627335  -27.28852139  -32.53663268  -23.79553295]
  [ -28.00880655  -29.92645457  -27.40742143  -24.89984572]
  [ -27.38746199  -29.0838735   -88.211096    -28.37750025]
  [ -24.62513501  -30.27393859  -25.13092178  -24.52123141]
  [ -25.1061202   -24.91406602  -27.72805902  -25.37190994]]

 [[ -55.6495099   -49.48955215  -48.49300308  -47.71477404]
  [ -57.58235077  -49.26786345  -99.609375    -47.28695867]
  [ -44.22794599  -53.23735963  -98.4375      -44.30894877]
  [ -71.67034573  -51.70906471  -93.75        -44.55197308]
  [ -42.24469866  -42.5325535   -99.97558594  -43.25887087]
  [ -50.5501479   -71.47033212  -98.4375      -42.26616319]
  [ -68.36752727  -55.24413268  -99.21875     -39.19398226]
  [ -40.86923083  -59.21809504  -99.609375    -38.28756451]
  [ -30.4617807   -34.46581557  -99.21875     -31.70514998]
  [ -35.61148541  -35.62973792  -93.75        -34.95779242]
  [ -32.71193303  -33.54168947  -96.875       -33.02068544]
  [ -37.09271771  -32.86255947  -99.609375    -42.17054165]
  [ -27.06018778  -37.98220108  -96.875       -30.27283295]
  [ -60.11687755  -31.67876754  -96.875       -30.21566132]
  [ -29.68337951  -41.46798002  -98.4375      -27.13476315]
  [ -42.38582155  -65.17196675  -96.875       -26.10962931]
  [ -27.36831665  -42.41424439  -93.75        -25.38679106]
  [ -21.16015625  -24.7523437   -99.21875     -21.9239401 ]
  [ -21.5078602   -22.69208224  -99.21875     -21.7402453 ]
  [ -51.2910238   -46.66817322  -28.01820897  -22.41180954]]

 [[ -99.21875     -49.84495544  -44.59150478  -44.99110923]
  [   0.            0.            0.            0.        ]
  [   0.            0.            0.            0.        ]
  [   0.            0.            0.            0.        ]
  [   0.            0.            0.            0.        ]
  [   0.            0.            0.            0.        ]
  [   0.            0.            0.            0.        ]
  [   0.            0.            0.            0.        ]
  [   0.            0.            0.            0.        ]
  [   0.            0.            0.            0.        ]
  [   0.            0.            0.            0.        ]
  [   0.            0.            0.            0.        ]
  [   0.            0.            0.            0.        ]
  [   0.            0.            0.            0.        ]
  [   0.            0.            0.            0.        ]
  [   0.            0.            0.            0.        ]
  [   0.            0.            0.            0.        ]
  [   0.            0.            0.            0.        ]
  [   0.            0.            0.            0.        ]
  [ -50.24110459  -93.75        -47.8592865   -31.04644476]]]
 	 
Q Value function SARSA: [[[-100.          -29.90123187  -28.90143931  -29.90134575]
  [   0.            0.            0.            0.        ]
  [   0.            0.            0.            0.        ]
  [   0.            0.            0.            0.        ]
  [   0.            0.            0.            0.        ]
  [   0.            0.            0.            0.        ]
  [   0.            0.            0.            0.        ]
  [   0.            0.            0.            0.        ]
  [   0.            0.            0.            0.        ]
  [   0.            0.            0.            0.        ]
  [   0.            0.            0.            0.        ]
  [   0.            0.            0.            0.        ]
  [   0.            0.            0.            0.        ]
  [   0.            0.            0.            0.        ]
  [   0.            0.            0.            0.        ]
  [   0.            0.            0.            0.        ]
  [   0.            0.            0.            0.        ]
  [   0.            0.            0.            0.        ]
  [   0.            0.            0.            0.        ]
  [ -10.93457031  -99.609375    -11.50450603  -11.21582031]]

 [[ -27.90144838  -28.90136237  -27.90148821  -29.90127429]
  [ -26.90145741  -28.90105399  -26.90151019 -100.        ]
  [ -25.90146094  -27.90140709  -25.90158419 -100.        ]
  [ -24.90147282  -26.90122251  -24.90161736 -100.        ]
  [ -23.90148596  -25.90076579  -23.90158147 -100.        ]
  [ -22.90150115  -24.89514797  -22.90156028 -100.        ]
  [ -21.90153039  -23.90109033  -21.90163544 -100.        ]
  [ -20.90154292  -22.90084879  -20.90154495 -100.        ]
  [ -19.90156879  -21.89850912  -19.90160753 -100.        ]
  [ -18.90160111  -20.85835725  -18.90162465 -100.        ]
  [ -17.90161808  -19.90052623  -17.90161489 -100.        ]
  [ -16.90163198  -18.88708428  -16.90165609 -100.        ]
  [ -15.90164563  -17.89388366  -15.90165177 -100.        ]
  [ -14.90165614  -16.8630563   -14.90165686 -100.        ]
  [ -13.90166676  -15.35808242  -13.90166541 -100.        ]
  [ -13.34382738  -14.71947468  -12.90166917 -100.        ]
  [ -12.51872901  -13.19638736  -12.84139138  -99.99999995]
  [ -12.19543368  -11.99546905  -12.31004095 -100.        ]
  [ -11.79547799  -12.10791223  -12.15641019 -100.        ]
  [ -11.79871969  -11.85915864  -11.90005199  -11.66975703]]

 [[ -26.9015441   -27.88560107  -26.90154009  -28.8959198 ]
  [ -25.90160645  -27.88712305  -25.90158454  -27.81426794]
  [ -24.90163521  -26.89188476  -24.90164727  -26.89635244]
  [ -23.90164747  -25.89951939  -23.90164838  -25.89597835]
  [ -22.90165331  -24.8888249   -22.90165814  -24.77972767]
  [ -21.90165784  -23.86919278  -21.90166119  -23.89742147]
  [ -20.90165932  -22.90094269  -20.90166839  -22.89851539]
  [ -19.90166649  -21.88553449  -19.90166801  -21.85350869]
  [ -18.90166797  -20.89613625  -18.901668    -20.87949841]
  [ -17.90166908  -19.83027119  -17.90166909  -19.87475383]
  [ -16.90166965  -18.89772799  -16.9016694   -18.8915142 ]
  [ -15.90166996  -17.88815796  -15.90166996  -17.88647224]
  [ -14.90167006  -16.86943431  -14.90167009  -16.82614479]
  [ -13.90167008  -15.86856236  -13.9016701   -15.84339347]
  [ -12.90167011  -14.65904138  -12.90167011  -14.89875469]
  [ -12.89619454  -13.82735121  -11.90167011  -13.11972274]
  [ -12.5161656   -12.58192387  -12.42884488  -12.41162667]
  [ -12.22278226  -12.16838567  -12.31077313  -12.21026538]
  [ -12.15051867  -12.18071762  -11.99517076  -12.00543318]
  [ -11.99999022  -12.08465908  -12.10991853  -12.11121814]]

 [[ -25.90160275  -26.55359689  -25.9015974   -27.81483152]
  [ -24.90163934  -26.7928355   -24.90165022  -26.86439569]
  [ -23.90166005  -25.88809784  -23.90166354  -25.65444849]
  [ -22.90166451  -24.79868328  -22.90166798  -24.86003226]
  [ -21.90166869  -23.89753801  -21.90166816  -23.83976894]
  [ -20.90166979  -22.87809541  -20.90166982  -22.87571828]
  [ -19.90167004  -21.82740802  -19.90167003  -21.88832408]
  [ -18.90167007  -20.85296155  -18.90167009  -20.2614018 ]
  [ -17.90167009  -19.88027695  -17.90167009  -19.88844855]
  [ -16.9016701   -18.89543594  -16.9016701   -18.88102825]
  [ -15.90167011  -17.87890047  -15.90167011  -17.8970277 ]
  [ -14.90167011  -16.89482807  -14.90167011  -16.83871615]
  [ -13.90167011  -15.89234722  -13.90167011  -15.89426372]
  [ -12.90167011  -14.88610843  -12.90167011  -14.86713958]
  [ -11.90167011  -13.89208286  -11.90167011  -13.89643394]
  [ -12.76439537  -12.90125079  -10.90167011  -12.88923054]
  [ -12.25716305  -11.88578654  -11.87654226  -11.989218  ]
  [ -11.95748758  -12.1341854   -11.85120791  -12.17560556]
  [ -11.92770791  -11.54006648  -12.00762779  -12.35237085]
  [ -11.78973052  -12.22289449  -11.70074342  -11.98220869]]

 [[ -24.90164003  -25.65614646  -24.90164399  -26.6900268 ]
  [ -23.90166549  -25.34300182  -23.9016677   -25.86870232]
  [ -22.90166879  -24.78520854  -22.9016692   -24.86656756]
  [ -21.90166982  -23.8637116   -21.90166973  -23.89176003]
  [ -20.90167004  -22.67561638  -20.90167007  -22.88591031]
  [ -19.90167009  -21.87290184  -19.90167008  -21.89806236]
  [ -18.90167011  -20.84271509  -18.90167011  -20.89663251]
  [ -17.90167011  -19.87477178  -17.90167011  -19.89825771]
  [ -16.90167011  -18.68074563  -16.90167011  -18.89764949]
  [ -15.90167011  -17.90124691  -15.90167011  -17.85307524]
  [ -14.90167011  -16.66918006  -14.90167011  -16.90063141]
  [ -13.90167011  -15.81001658  -13.90167011  -15.90117217]
  [ -12.90167011  -14.77810593  -12.90167011  -14.8853087 ]
  [ -11.90167011  -13.90119884  -11.90167011  -13.89375202]
  [ -10.90167011  -12.900324    -10.90167011  -12.90161374]
  [ -11.90026938  -11.90166914   -9.90167011  -11.90164444]
  [ -11.42868527  -10.90111223  -10.90125056  -12.6027511 ]
  [ -11.8440195   -11.34835525  -11.21156216  -12.02550753]
  [ -11.78629148  -11.79465637  -11.65782257  -11.90622966]
  [ -11.47362085  -11.95691021  -11.53457287  -12.02707759]]

 [[ -23.90166935  -24.60053544  -24.27194197  -25.36331409]
  [ -22.90167011  -24.75176809  -23.60782377  -24.67874076]
  [ -21.90167011  -23.6966974   -23.00642845  -23.77303565]
  [ -20.90167011  -22.88493469  -22.1922387   -22.84774213]
  [ -19.90167011  -21.89927542  -21.71235599  -21.8488762 ]
  [ -18.90167011  -20.90149195  -20.83719313  -20.89286613]
  [ -17.90167011  -19.90163235  -19.87034633  -19.83761945]
  [ -16.90167011  -18.90144571  -18.87501109  -18.90026844]
  [ -15.90167011  -17.90144978  -17.89398842  -17.89974086]
  [ -14.90167011  -16.90162506  -16.90165286  -16.90166484]
  [ -13.90167011  -15.9016681   -15.90163924  -15.90167011]
  [ -12.90167011  -14.9016688   -14.90166488  -14.90166287]
  [ -11.90167011  -13.90167011  -13.90166999  -13.90166947]
  [ -10.90167011  -12.90167011  -12.90167011  -12.90167011]
  [  -9.90167011  -11.90166802  -11.90167011  -11.90167011]
  [  -8.90167011  -10.29592278   -9.43737763   -8.92093061]
  [ -11.12669527   -9.9016631   -10.25144992  -11.29941254]
  [ -11.40519198  -10.85471505  -11.05248031  -11.5929004 ]
  [ -11.46474171  -11.33939638  -11.54941743  -11.60828318]
  [ -11.58535905  -11.49470241  -12.23741346  -11.3849211 ]]

 [[ -23.55052998  -23.92823907  -23.63799705  -24.12068858]
  [ -23.1108438   -23.60232699  -23.00628134  -23.26278948]
  [ -22.42156083  -23.29622173  -22.4216371   -22.5772984 ]
  [ -21.70886314  -22.4665775   -21.75287482  -21.7241888 ]
  [ -20.85188422  -20.84548447  -20.89727476  -20.86171423]
  [ -19.88669387  -20.95714352  -20.20455513  -19.87711953]
  [ -18.89784358  -20.12647681  -19.52588967  -18.89563452]
  [ -17.90049214  -18.29916825  -18.97436895  -17.90056117]
  [ -16.90142497  -18.14935739  -17.96493882  -16.901547  ]
  [ -15.90166391  -17.81034402  -16.89426349  -15.90166696]
  [ -14.90166823  -16.86521282  -16.66834297  -14.90166817]
  [ -13.90167003  -15.77352186  -15.75935588  -13.90167002]
  [ -12.9016701   -14.8746154   -14.67304962  -12.9016701 ]
  [ -11.90167011  -13.49181531  -13.78806823  -11.90167011]
  [ -10.90167011  -12.7990727   -12.89514496  -10.90167011]
  [ -10.78961444  -11.90127187  -11.85422156   -9.90167011]
  [ -11.10787455  -10.56993012  -11.2821119   -10.73006063]
  [ -11.79924581  -10.88130425  -10.99452487  -11.23719701]
  [ -11.24614182  -11.41918033  -11.76818924  -11.59843804]
  [ -11.57550657  -11.49975952  -12.059932    -11.89320478]]

 [[ -23.02641238  -23.09403953  -22.94544156  -22.9055033 ]
  [ -22.60687743  -22.35656133  -22.25261095  -23.05390738]
  [ -21.9823285   -22.96571947  -22.02113843  -22.801815  ]
  [ -21.36053446  -21.91942101  -21.33497972  -21.37236021]
  [ -20.66721248  -21.08590314  -20.68137487  -20.66755933]
  [ -19.79580546  -20.4446792   -20.04112326  -20.32489157]
  [ -19.16535618  -19.66413757  -19.23951643  -19.4394619 ]
  [ -18.32169685  -19.42447262  -18.679821    -18.53132033]
  [ -17.51815744  -18.51927858  -17.79589249  -17.54525741]
  [ -16.62991948  -17.75087865  -16.82229556  -16.74647064]
  [ -15.78050787  -16.39552393  -15.95929186  -15.86607988]
  [ -14.87420312  -15.22300158  -15.20121336  -14.86024056]
  [ -13.89175068  -14.72221812  -14.3434891   -13.88836561]
  [ -12.8969986   -14.74588346  -13.57165234  -12.89785854]
  [ -11.90062407  -13.14695199  -13.49834694  -11.9010894 ]
  [ -11.76750066  -12.02962171  -11.84039362  -10.90166981]
  [ -11.65195996  -11.58065374  -12.2036042   -11.36029129]
  [ -11.83519605  -11.67518623  -12.06392334  -11.55668572]
  [ -12.09202446  -11.79851518  -12.35544084  -11.65625126]
  [ -11.95643998  -12.06491333  -12.16915412  -11.74052152]]

 [[ -22.4600897   -22.79836533  -22.30975552  -22.73951885]
  [ -22.0735506   -22.49275997  -99.99980927  -22.80169453]
  [ -21.54086821  -22.02428739  -99.99694824  -21.75810041]
  [ -20.8963327   -21.99020437  -99.99389648  -21.27468352]
  [ -20.30519423  -20.57041091  -99.99847412  -20.24754875]
  [ -19.52659831  -20.17256399  -99.98779297  -19.65580511]
  [ -18.61353141  -19.55354824  -99.99923706  -19.74279732]
  [ -18.121932    -18.94395235  -99.95117188  -18.64401097]
  [ -17.30817886  -17.94181148  -99.98779297  -17.8660719 ]
  [ -16.40526396  -17.80496767  -99.21875     -16.50623643]
  [ -15.54554064  -16.51686055  -98.4375      -15.9127103 ]
  [ -14.80229749  -15.63398064  -99.95117188  -15.458741  ]
  [ -13.86429122  -15.12019465  -99.8046875   -14.53812717]
  [ -13.33369064  -13.56285346  -96.875       -13.45267221]
  [ -12.77074681  -12.94559363  -99.21875     -12.76996132]
  [ -12.2885437   -12.23706063  -98.4375      -11.88217904]
  [ -12.04653358  -11.91838954  -99.90234375  -11.99338549]
  [ -12.20960878  -11.84190284  -98.4375      -12.09269853]
  [ -11.86229873  -12.11381158  -99.21875     -12.12217275]
  [ -11.91370058  -12.27211131  -12.03361812  -11.69399543]]

 [[ -99.97558594  -21.99634043  -21.54294467  -21.67088758]
  [   0.            0.            0.            0.        ]
  [   0.            0.            0.            0.        ]
  [   0.            0.            0.            0.        ]
  [   0.            0.            0.            0.        ]
  [   0.            0.            0.            0.        ]
  [   0.            0.            0.            0.        ]
  [   0.            0.            0.            0.        ]
  [   0.            0.            0.            0.        ]
  [   0.            0.            0.            0.        ]
  [   0.            0.            0.            0.        ]
  [   0.            0.            0.            0.        ]
  [   0.            0.            0.            0.        ]
  [   0.            0.            0.            0.        ]
  [   0.            0.            0.            0.        ]
  [   0.            0.            0.            0.        ]
  [   0.            0.            0.            0.        ]
  [   0.            0.            0.            0.        ]
  [   0.            0.            0.            0.        ]
  [ -12.02857524  -99.21875     -11.90991117  -12.24292794]]]
 	 
