n_eps = 500	 alpha = 0.5	 world size = 6,20
Q Value function SARSA: [[[-100.          -88.776346    -83.66356001  -89.1945378 ]
  [   0.            0.            0.            0.        ]
  [   0.            0.            0.            0.        ]
  [   0.            0.            0.            0.        ]
  [   0.            0.            0.            0.        ]
  [   0.            0.            0.            0.        ]
  [   0.            0.            0.            0.        ]
  [   0.            0.            0.            0.        ]
  [   0.            0.            0.            0.        ]
  [   0.            0.            0.            0.        ]
  [   0.            0.            0.            0.        ]
  [   0.            0.            0.            0.        ]
  [   0.            0.            0.            0.        ]
  [   0.            0.            0.            0.        ]
  [   0.            0.            0.            0.        ]
  [   0.            0.            0.            0.        ]
  [   0.            0.            0.            0.        ]
  [   0.            0.            0.            0.        ]
  [   0.            0.            0.            0.        ]
  [   0.            0.            0.            0.        ]]

 [[ -93.80375505  -84.84314453  -84.15003531  -89.2747047 ]
  [ -85.53235311  -87.0454371   -80.46827671 -100.        ]
  [ -77.81343954  -84.5683591   -83.90733736  -99.99990463]
  [ -80.33125027  -79.86593972  -74.47354208  -99.99999851]
  [ -72.82164155  -87.91168087  -75.44624309  -99.99999963]
  [ -81.21725243  -77.46277893  -72.29237485  -99.99999404]
  [ -85.50196239  -76.68839843  -74.79747778  -99.90234375]
  [ -62.82724021  -74.04718603  -69.31890957  -99.99999404]
  [ -80.73236586  -73.86813562  -59.93731599  -99.99995232]
  [ -61.15399434  -68.28649967  -61.60734841  -99.99990463]
  [ -49.96753294  -82.1379764   -56.41028368  -99.98779297]
  [ -59.37181941  -66.74826408  -52.52728692  -99.99995232]
  [ -40.64301194  -53.00649387  -53.93053498  -99.99847412]
  [ -32.43464502  -55.32428462  -54.6244343   -99.99923706]
  [ -73.37154777  -55.46808265  -34.272569    -99.98779297]
  [ -69.54123655  -42.94815307  -34.47047969  -99.99923706]
  [ -44.80104706  -69.69384293  -25.13954591  -99.98779297]
  [ -33.90198632  -38.43184803  -10.18205842  -99.95117188]
  [  -2.12240052  -23.57862056  -27.3702631   -99.99980927]
  [  -3.0543341    -4.18377642  -12.60323227   -1.        ]]

 [[ -84.35635154  -84.3933396   -86.12212543  -85.53181279]
  [ -81.00632991  -84.98634063  -84.6555555   -83.99923892]
  [ -81.09881547  -83.69495144  -82.99428558  -81.30398136]
  [ -71.99237639  -80.19458198  -79.62408413  -80.02809472]
  [ -68.71783647  -77.29177055  -75.06134612  -79.38295464]
  [ -66.46723454  -75.60686854  -75.86081392  -75.07732904]
  [ -64.75117089  -75.73949124  -74.58457618  -78.37314926]
  [ -59.70182741  -72.869804    -73.48960343  -70.04634277]
  [ -56.04418362  -74.18788264  -69.89191181  -79.8115085 ]
  [ -66.56914579  -67.43841978  -58.88588036  -61.7617184 ]
  [ -65.43437922  -63.26849522  -54.19968358  -53.41264884]
  [ -46.56254068  -51.38167293  -52.26002512  -61.51989145]
  [ -35.0371352   -56.73078861  -52.14502596  -54.83773674]
  [ -32.17662706  -39.04977059  -49.83888318  -47.21533821]
  [ -34.65599337  -39.15790289  -26.69241186  -37.24879424]
  [ -41.34950344  -34.05230339  -28.10880602  -37.60575146]
  [ -14.11521873  -35.54497338  -34.10226722  -46.66229885]
  [  -8.54856134  -21.69836943  -24.58068374  -23.13669027]
  [  -7.09189198  -22.07557754  -14.83774673  -17.86520318]
  [  -8.36132362  -17.11393122  -19.8518947    -2.31282011]]

 [[ -87.55684528  -85.82830909  -85.03067503  -85.57606071]
  [ -81.7935344   -85.5783389   -85.49916259  -84.37931259]
  [ -77.20479528  -83.77207304  -91.44950515  -83.17089938]
  [ -73.97220156  -81.34776374  -81.21207321  -81.07338438]
  [ -77.15725554  -79.49240534  -78.8945794   -72.53966928]
  [ -74.50520843  -76.4920621   -76.01118417  -71.49676244]
  [ -75.75553593  -75.33143511  -75.7245709   -74.8137752 ]
  [ -69.17744284  -69.27183811  -77.89653075  -72.10295094]
  [ -75.18727749  -69.40020765  -69.03274524  -70.20337314]
  [ -58.70409846  -64.5839872   -73.71543558  -60.26702651]
  [ -51.14683952  -61.1201808   -62.85512629  -51.86346093]
  [ -64.21452842  -63.47419081  -68.1111219   -52.09372449]
  [ -43.51718105  -56.31623229  -62.46181744  -29.46430698]
  [ -32.2415429   -49.79140138  -50.39099485  -45.95595767]
  [ -30.39013559  -46.09654723  -40.18332032  -40.60887067]
  [ -30.42048947  -37.91715689  -39.18195781  -39.27998231]
  [ -31.79595477  -33.35255511  -28.23776712  -23.89324689]
  [ -13.12037094  -25.75015328  -30.95106979  -27.34140634]
  [ -13.04254413  -24.62847481  -28.26109533   -9.4865627 ]
  [ -22.73705222  -14.3123794   -20.27021563   -8.66795886]]

 [[ -86.21910178  -88.68514887  -84.08231039  -85.9704481 ]
  [ -79.71948251  -81.19214366  -99.99990463  -79.28369068]
  [ -88.1722933   -83.08150343  -99.99923706  -81.44060353]
  [ -86.1081947   -81.21093261  -99.99980927  -79.82534254]
  [ -88.9636227   -79.92992159  -99.99694824  -77.39886915]
  [ -85.00866807  -77.33539057  -99.99997616  -75.14392777]
  [ -69.19957695  -79.80623488  -99.99694824  -70.17957382]
  [ -69.74470393  -77.19948774  -99.99923706  -69.58081366]
  [ -70.49887266  -69.90317904  -99.99923706  -69.44824119]
  [ -65.76575659  -69.47776526  -99.99923706  -63.58245399]
  [ -67.79375663  -63.12479279  -99.99923706  -58.54678837]
  [ -62.24096196  -61.1158049   -99.99847412  -61.7368418 ]
  [ -68.52119669  -64.75738578  -99.99694824  -37.71992574]
  [ -42.18560057  -55.3076242   -99.98779297  -49.42291955]
  [ -60.57222035  -49.02420619  -99.99389648  -34.39464237]
  [ -40.64406642  -48.33391792  -99.99694824  -37.660744  ]
  [ -18.52796627  -53.15160009  -99.97558594  -38.36102975]
  [ -23.48721925  -32.75453301  -99.97558594  -29.74967868]
  [ -40.5331084   -27.25190877  -99.90234375  -34.81863806]
  [ -30.53322205  -27.36235792  -42.44458065  -16.27667612]]

 [[ -99.99389648  -84.91373429  -92.32918683  -84.53044749]
  [   0.            0.            0.            0.        ]
  [   0.            0.            0.            0.        ]
  [   0.            0.            0.            0.        ]
  [   0.            0.            0.            0.        ]
  [   0.            0.            0.            0.        ]
  [   0.            0.            0.            0.        ]
  [   0.            0.            0.            0.        ]
  [   0.            0.            0.            0.        ]
  [   0.            0.            0.            0.        ]
  [   0.            0.            0.            0.        ]
  [   0.            0.            0.            0.        ]
  [   0.            0.            0.            0.        ]
  [   0.            0.            0.            0.        ]
  [   0.            0.            0.            0.        ]
  [   0.            0.            0.            0.        ]
  [   0.            0.            0.            0.        ]
  [   0.            0.            0.            0.        ]
  [   0.            0.            0.            0.        ]
  [ -61.76843897  -99.21875     -49.81029034  -16.77071008]]]
 	 
Q Value function SARSA: [[[-100.          -22.          -21.          -22.        ]
  [   0.            0.            0.            0.        ]
  [   0.            0.            0.            0.        ]
  [   0.            0.            0.            0.        ]
  [   0.            0.            0.            0.        ]
  [   0.            0.            0.            0.        ]
  [   0.            0.            0.            0.        ]
  [   0.            0.            0.            0.        ]
  [   0.            0.            0.            0.        ]
  [   0.            0.            0.            0.        ]
  [   0.            0.            0.            0.        ]
  [   0.            0.            0.            0.        ]
  [   0.            0.            0.            0.        ]
  [   0.            0.            0.            0.        ]
  [   0.            0.            0.            0.        ]
  [   0.            0.            0.            0.        ]
  [   0.            0.            0.            0.        ]
  [   0.            0.            0.            0.        ]
  [   0.            0.            0.            0.        ]
  [   0.            0.            0.            0.        ]]

 [[ -20.          -21.          -22.          -22.        ]
  [ -19.          -21.          -21.         -100.        ]
  [ -18.          -20.          -20.         -100.        ]
  [ -17.          -19.          -19.         -100.        ]
  [ -16.          -18.          -18.         -100.        ]
  [ -15.          -17.          -17.         -100.        ]
  [ -14.          -16.          -16.         -100.        ]
  [ -13.          -15.          -15.         -100.        ]
  [ -12.          -14.          -14.         -100.        ]
  [ -11.          -13.          -13.         -100.        ]
  [ -10.          -12.          -12.         -100.        ]
  [  -9.          -11.          -11.         -100.        ]
  [  -8.          -10.          -10.         -100.        ]
  [  -7.           -8.99999997   -9.         -100.        ]
  [  -6.           -8.           -8.         -100.        ]
  [  -5.           -7.           -7.         -100.        ]
  [  -4.           -6.           -6.         -100.        ]
  [  -3.           -5.           -5.         -100.        ]
  [  -2.           -4.           -4.         -100.        ]
  [  -2.           -3.           -3.           -1.        ]]

 [[ -21.          -21.99660286  -22.85644601  -21.        ]
  [ -20.          -21.99999117  -21.99090583  -20.        ]
  [ -19.          -20.99999939  -20.99909765  -19.        ]
  [ -18.          -20.          -19.99990837  -18.        ]
  [ -17.          -19.          -18.99988858  -17.        ]
  [ -16.          -17.99999989  -17.99997289  -16.        ]
  [ -15.          -17.          -16.99997114  -15.        ]
  [ -14.          -16.          -15.99997374  -14.        ]
  [ -13.          -14.99999996  -14.99988459  -13.        ]
  [ -12.          -13.99976098  -13.99998771  -12.        ]
  [ -11.          -12.99999998  -12.99998739  -11.        ]
  [ -10.          -11.99999999  -11.99999394  -10.        ]
  [  -9.          -11.          -10.99998678   -9.        ]
  [  -8.           -9.99999999   -9.99999966   -8.        ]
  [  -7.           -8.99999899   -8.99999329   -7.        ]
  [  -6.           -7.9998423    -7.99922105   -6.        ]
  [  -5.           -6.99999861   -6.99161889   -5.        ]
  [  -4.           -5.99999968   -5.99999765   -4.        ]
  [  -3.           -4.99996249   -4.9999993    -3.        ]
  [  -2.99999046   -3.99999708   -3.9999997    -2.        ]]

 [[ -21.9283366   -22.16105701  -22.2081166   -21.95014812]
  [ -20.99631292  -22.64765589  -21.3730987   -20.997452  ]
  [ -19.99980201  -21.8273196   -20.22371889  -19.99984636]
  [ -18.99994097  -20.50836762  -19.84939084  -18.99997048]
  [ -17.99996864  -19.91153782  -18.93103805  -17.99998667]
  [ -16.99997844  -18.98755279  -18.31851327  -16.99998809]
  [ -15.99998879  -17.99890404  -17.53448835  -15.99998784]
  [ -14.9999934   -16.99444835  -16.68910568  -14.99999543]
  [ -13.99999611  -15.98544739  -15.84522067  -13.99999659]
  [ -12.99999872  -14.99897041  -14.85371856  -12.99999841]
  [ -11.99999933  -13.99570163  -13.8774029   -11.99999952]
  [ -10.9999996   -12.98583401  -12.91307763  -10.99999974]
  [  -9.99999974  -11.99919776  -11.95690742   -9.99999985]
  [  -8.99999992  -10.9762181   -10.98245888   -8.99999993]
  [  -7.99999995   -9.98201016   -9.94947003   -7.99999998]
  [  -6.99999997   -8.92633705   -8.97081695   -6.99999998]
  [  -5.99999999   -7.92795057   -7.88103087   -6.        ]
  [  -5.           -6.95916307   -6.8707748    -5.        ]
  [  -4.           -5.98852567   -5.94945403   -4.        ]
  [  -3.95947265   -4.99085146   -4.71326428   -3.        ]]

 [[ -21.43446597  -21.64281563  -22.43685142  -21.56437757]
  [ -20.67901756  -21.17298138  -99.99923706  -21.2819419 ]
  [ -19.87381533  -20.70592823  -99.99923706  -20.68341393]
  [ -19.50400566  -20.29031885  -99.97558594  -19.67322774]
  [ -18.58881239  -18.99016425  -99.99389648  -18.86598687]
  [ -17.64186116  -17.97672748  -99.99847412  -17.64183059]
  [ -16.66000194  -18.10306028  -99.99694824  -16.87322177]
  [ -15.76599377  -16.73691153  -99.99923706  -15.76793592]
  [ -14.80766921  -15.38051866  -99.8046875   -14.87661536]
  [ -13.82171582  -15.1556978   -99.97558594  -13.85409139]
  [ -12.87982634  -14.6109919   -99.99694824  -12.99082817]
  [ -11.94845999  -13.32460103  -99.99961853  -11.97183892]
  [ -10.96251508  -12.54753837  -99.98779297  -10.9979318 ]
  [  -9.97329036  -11.32237812  -99.90234375   -9.99224111]
  [  -8.98611214  -10.6321022   -99.95117188   -8.98454746]
  [  -7.99300768   -9.14462537  -99.90234375   -7.99256587]
  [  -6.99385202   -8.5097767   -99.609375     -6.99770507]
  [  -5.99534091   -7.04788271  -99.8046875    -5.99737303]
  [  -4.9983643    -5.63100407  -93.75         -4.99797809]
  [  -4.14312744   -4.51480103   -4.00390625   -3.99996185]]

 [[ -99.90234375  -21.22559788  -21.11102264  -21.26082234]
  [   0.            0.            0.            0.        ]
  [   0.            0.            0.            0.        ]
  [   0.            0.            0.            0.        ]
  [   0.            0.            0.            0.        ]
  [   0.            0.            0.            0.        ]
  [   0.            0.            0.            0.        ]
  [   0.            0.            0.            0.        ]
  [   0.            0.            0.            0.        ]
  [   0.            0.            0.            0.        ]
  [   0.            0.            0.            0.        ]
  [   0.            0.            0.            0.        ]
  [   0.            0.            0.            0.        ]
  [   0.            0.            0.            0.        ]
  [   0.            0.            0.            0.        ]
  [   0.            0.            0.            0.        ]
  [   0.            0.            0.            0.        ]
  [   0.            0.            0.            0.        ]
  [   0.            0.            0.            0.        ]
  [  -4.15429688  -75.           -3.8125       -4.28052224]]]
 	 
