Number of Episodes = 30	 Number of Sampled Trajectories = 25	 Number of Belief Points = 10
 Total Value of the system with Episodes = [ -2.98072714e+00   1.88614974e+02  -3.31760949e+00   7.31054474e+02
   8.81129977e+02   1.62892900e+03   2.31917121e+03   8.92685560e+02
   1.60660186e+03   1.70026680e+03   1.93549540e+03   1.98683919e+03
   2.09802810e+03   3.31418651e+03   3.80029323e+03   3.93512221e+03
   5.03097438e+03   5.24328229e+03   3.21132275e+03   5.44337312e+03
   5.61312963e+03   4.50000130e+03   5.36777221e+03   5.81619920e+03
   5.43501423e+03   5.96032277e+03   5.83370504e+03   4.85405638e+03
   6.26776341e+03   6.26926504e+03]
 Update in the value with Episodes = [ -7.57420373e+00   1.84596957e+02  -8.21014093e+00   1.04557287e+02
   1.11649553e+02   9.35624425e+01   1.18200561e+02   4.02622618e+01
   2.46884116e+02   1.81207656e+01   5.96160940e-01   1.82994823e-03
   1.47812902e-01   7.22953858e+01   1.52096895e+02   1.03251915e+02
   1.67332060e+02   9.97342504e+01   8.33440509e+01   9.48901065e+01
   2.50052218e+01   5.26157925e+01   2.73878040e+00   4.92423332e+01
   2.30927681e+01   2.83199069e+01   1.80685767e+00   3.05848959e+01
   2.50797967e+00  -1.87969497e+00]
 Final Trajectory Taken = [[1, 1], [2, 1], [3, 1], [4, 1], [3, 2], [6, 1], [2, 4], [6, 1], [6, 1], [6, 1], [6, 1], [6, 1], [6, 1], [6, 1], [4, 2], [6, 1], [6, 6], [6, 1], [6, 1], [6, 1], [6, 1], [6, 1], [3, 5], [6, 1], [3, 9], [4, 1], [6, 1], [2, 9], [6, 1], [6, 1], [6, 1], [6, 1], [2, 4], [6, 1], [6, 1], [6, 1], [6, 1], [6, 1], [6, 1], [6, 1], [6, 1], [6, 1], [6, 1], [6, 1], [2, 9], [6, 1], [3, 5], [6, 1], [6, 1], [6, 1], [3, 5]]