Number of Episodes = 25	 Number of Sampled Trajectories = 10	 Number of Belief Points = 5
 Total Value of the system with Episodes = [-1.45893287 -2.39958608 -2.15955629 -2.40182483 -2.15955629 -2.15955629
 -1.08758041 -2.39958608 -1.08758041 -2.81762114 -2.68108609 -1.19701082
 -2.39958608 -1.08758041 -1.45893287 -1.19701082 -1.08758041 -2.40182483
 -2.39958608 -1.62284651 -2.15955629 -2.81762114 -1.62284651 -1.45893287
 -1.19701082]
 Update in the value with Episodes = [-3.91430984 -3.47169733 -3.97086297 -3.33449756 -3.97086297 -3.97086297
 -4.10995327 -3.47169733 -4.10995327 -3.37685548 -4.25547151 -4.1021564
 -3.47169733 -4.10995327 -3.91430984 -4.1021564  -4.10995327 -3.33449756
 -3.47169733 -4.00067498 -3.97086297 -3.37685548 -4.00067498 -3.91430984
 -4.1021564 ]
 Final Trajectory Taken = [[1, 1], [1, 2], [1, 3], [6, 6], [1, 4], [1, 4], [1, 4], [1, 4], [1, 4], [1, 4], [1, 4], [2, 4], [1, 2], [5, 3], [1, 4], [1, 9], [1, 4], [1, 4], [1, 4], [1, 4], [1, 4], [1, 4], [1, 4], [1, 4], [1, 4], [1, 4], [1, 4], [1, 4], [1, 4], [1, 3], [1, 4], [4, 9], [1, 4], [1, 4], [1, 9], [1, 4], [1, 4], [1, 4], [1, 7], [1, 4], [1, 4], [1, 4], [1, 4], [1, 4], [4, 7], [6, 3], [1, 4], [1, 4], [1, 4], [1, 4], [2, 7]]