n_eps = 500	 alpha = 0.5	 world size = 6,20
Q Value function SARSA: [[[-100.          -83.86748436  -78.58749035  -82.12599463]
  [   0.            0.            0.            0.        ]
  [   0.            0.            0.            0.        ]
  [   0.            0.            0.            0.        ]
  [   0.            0.            0.            0.        ]
  [   0.            0.            0.            0.        ]
  [   0.            0.            0.            0.        ]
  [   0.            0.            0.            0.        ]
  [   0.            0.            0.            0.        ]
  [   0.            0.            0.            0.        ]
  [   0.            0.            0.            0.        ]
  [   0.            0.            0.            0.        ]
  [   0.            0.            0.            0.        ]
  [   0.            0.            0.            0.        ]
  [   0.            0.            0.            0.        ]
  [   0.            0.            0.            0.        ]
  [   0.            0.            0.            0.        ]
  [   0.            0.            0.            0.        ]
  [   0.            0.            0.            0.        ]
  [   0.            0.            0.            0.        ]]

 [[ -79.76641064  -82.06332474  -77.1702684   -89.01801712]
  [ -83.84914269  -81.9848223   -77.99602553 -100.        ]
  [ -77.27933388  -96.42983261  -73.97511328  -99.99997616]
  [ -81.89572255  -76.45945591  -74.25695413  -99.99995232]
  [ -72.53004428  -74.55401298  -77.26703419  -99.99694824]
  [ -78.69976907  -76.7522496   -69.24060619  -99.99847412]
  [ -75.61039644  -67.29774365  -73.05286406  -99.99990463]
  [ -73.63333787  -71.75664314  -61.6220847   -99.99694824]
  [ -62.7449583   -64.71325135  -59.49485943  -99.99694824]
  [ -78.9938936   -64.70552466  -61.62408438  -99.99389648]
  [ -82.21103412  -59.92127145  -56.44142536  -99.99990463]
  [ -86.92403682  -64.9448391   -52.99551841  -99.99389648]
  [ -56.00917199  -59.95107371  -38.78437345  -99.99961853]
  [ -49.28138645  -70.02784794  -42.2725914   -99.97558594]
  [ -65.99207778  -58.27870693  -46.89038219  -99.97558594]
  [ -31.01929138  -49.31039528  -41.99065312  -99.99961853]
  [ -43.0242683   -51.22763545  -29.48323658  -99.95117188]
  [ -90.08589043  -46.15673065  -14.22283227  -99.99694824]
  [  -2.45875475  -20.80131911  -18.00769467  -99.99999404]
  [  -2.01440729   -4.72506889  -10.94034994   -1.        ]]

 [[ -74.59642229  -81.18347542  -82.72776239  -86.54796524]
  [ -74.93030658  -79.52953457  -78.11871241  -76.67769506]
  [ -73.10763575  -78.97630742  -76.37359559  -74.91240601]
  [ -73.99992158  -75.47599971  -70.12404784  -74.98264451]
  [ -70.04445816  -72.44310986  -69.19397643  -75.61816292]
  [ -67.76884118  -71.28914785  -68.89302663  -69.05502241]
  [ -63.74039794  -63.89631127  -66.01823407  -74.10749215]
  [ -61.66091004  -70.38375227  -63.84016141  -79.6756449 ]
  [ -72.20712317  -62.60936728  -56.81318254  -62.38823963]
  [ -48.57851083  -59.35877117  -60.91014318  -93.13213813]
  [ -47.30822507  -67.53782946  -60.80407926  -60.16088261]
  [ -45.71482123  -61.0578477   -51.73671464  -53.07871509]
  [ -39.37243567  -52.7243254   -52.1266748   -51.6998633 ]
  [ -35.80446639  -51.05680518  -46.50605838  -61.07814252]
  [ -38.21079816  -50.77364238  -39.07775135  -44.61581694]
  [ -35.01075836  -46.85699543  -43.44712524  -37.92842893]
  [ -19.29981757  -42.38621717  -32.06348394  -57.88946959]
  [  -5.50167512  -31.40728882  -40.08292565  -26.16870715]
  [ -10.54841825  -14.0625084   -24.63342708  -30.64457012]
  [ -10.624683    -17.65031334  -10.59353025   -2.1652819 ]]

 [[ -81.4911271   -83.96175411  -85.27321974  -80.86109657]
  [ -75.05982122  -79.67359818  -91.39719491  -80.34046731]
  [ -69.51526813  -76.03461586  -81.11903448  -73.94388872]
  [ -68.00329457  -75.98453734  -82.47202782  -72.96110169]
  [ -65.37996728  -69.86942588  -69.76665894  -69.14350466]
  [ -62.09000828  -69.02844647  -84.46346325  -70.21612232]
  [ -58.55166345  -67.82039653  -65.47597657  -67.59788261]
  [ -56.61040956  -64.5040642   -64.41947652  -68.1816484 ]
  [ -54.62549449  -62.82426581  -69.10237321  -62.25304339]
  [ -52.21827038  -61.46021592  -61.35398108  -53.6946133 ]
  [ -50.51290085  -57.14760133  -64.79115503  -60.27965202]
  [ -51.74765623  -56.77100662  -62.41451734  -49.04073153]
  [ -51.66649203  -51.49558689  -74.45196562  -51.71427766]
  [ -37.28221107  -50.82934979  -53.9644329   -46.99609148]
  [ -31.09398327  -46.12793207  -50.5049802   -44.10106902]
  [ -27.02497242  -42.20260645  -50.25870286  -42.40304807]
  [ -15.77830947  -42.21723691  -43.82529696  -31.74519933]
  [ -21.34461741  -41.12981234  -69.37315868  -24.92179428]
  [ -12.72398631  -22.31444395  -19.89901953  -21.85643738]
  [ -13.22893586  -18.00896971  -24.0449048    -3.64746293]]

 [[ -77.44503769  -85.29720453  -84.30820881  -82.28644583]
  [ -85.33589964  -81.89622801  -99.99998808  -76.25525206]
  [ -73.02750275  -91.41342164  -99.99980927  -82.59308461]
  [ -82.57785509  -83.31162836  -99.99998808  -70.23611023]
  [ -83.17781242  -72.51677621  -99.99998808  -66.46794922]
  [ -81.78052414  -84.96358203  -99.99961853  -66.711609  ]
  [ -64.5293235   -69.83224995  -99.99389648  -63.79461209]
  [ -62.38274259  -63.7013575   -99.99998808  -63.1034917 ]
  [ -67.50131402  -67.16481647  -99.99998808  -62.03931344]
  [ -61.96487795  -69.3833354   -99.99694824  -60.41079412]
  [ -62.06229237  -57.69134411  -99.99980927  -54.56976762]
  [ -46.01653405  -60.44316759  -99.99389648  -51.5582292 ]
  [ -50.01875472  -49.76290164  -99.99694824  -51.5975218 ]
  [ -49.55775664  -49.88025717  -99.90234375  -49.99767667]
  [ -50.25550516  -58.57335748  -99.99694824  -32.41543802]
  [ -81.90913177  -39.52098814  -99.98779297  -36.80291584]
  [ -63.75144688  -37.71944421  -99.95117188  -28.59839094]
  [ -34.16436365  -28.33875328  -99.98779297  -30.72406292]
  [ -22.62001605  -23.38907665  -99.98779297  -12.63841604]
  [ -43.68499707  -61.71679891  -37.8030033   -15.90937957]]

 [[ -99.97558594  -84.31962742  -84.38592523  -84.22162847]
  [   0.            0.            0.            0.        ]
  [   0.            0.            0.            0.        ]
  [   0.            0.            0.            0.        ]
  [   0.            0.            0.            0.        ]
  [   0.            0.            0.            0.        ]
  [   0.            0.            0.            0.        ]
  [   0.            0.            0.            0.        ]
  [   0.            0.            0.            0.        ]
  [   0.            0.            0.            0.        ]
  [   0.            0.            0.            0.        ]
  [   0.            0.            0.            0.        ]
  [   0.            0.            0.            0.        ]
  [   0.            0.            0.            0.        ]
  [   0.            0.            0.            0.        ]
  [   0.            0.            0.            0.        ]
  [   0.            0.            0.            0.        ]
  [   0.            0.            0.            0.        ]
  [   0.            0.            0.            0.        ]
  [ -29.71128276  -98.4375      -38.9742689   -28.86209475]]]
 
Q Value function SARSA: [[[-100.          -22.          -21.          -22.        ]
  [   0.            0.            0.            0.        ]
  [   0.            0.            0.            0.        ]
  [   0.            0.            0.            0.        ]
  [   0.            0.            0.            0.        ]
  [   0.            0.            0.            0.        ]
  [   0.            0.            0.            0.        ]
  [   0.            0.            0.            0.        ]
  [   0.            0.            0.            0.        ]
  [   0.            0.            0.            0.        ]
  [   0.            0.            0.            0.        ]
  [   0.            0.            0.            0.        ]
  [   0.            0.            0.            0.        ]
  [   0.            0.            0.            0.        ]
  [   0.            0.            0.            0.        ]
  [   0.            0.            0.            0.        ]
  [   0.            0.            0.            0.        ]
  [   0.            0.            0.            0.        ]
  [   0.            0.            0.            0.        ]
  [   0.            0.            0.            0.        ]]

 [[ -20.          -21.          -22.          -22.        ]
  [ -19.          -21.          -21.         -100.        ]
  [ -18.          -20.          -20.         -100.        ]
  [ -17.          -19.          -19.         -100.        ]
  [ -16.          -18.          -18.         -100.        ]
  [ -15.          -17.          -17.         -100.        ]
  [ -14.          -16.          -16.         -100.        ]
  [ -13.          -15.          -15.         -100.        ]
  [ -12.          -14.          -14.         -100.        ]
  [ -11.          -13.          -13.         -100.        ]
  [ -10.          -12.          -12.         -100.        ]
  [  -9.          -11.          -11.         -100.        ]
  [  -8.          -10.          -10.         -100.        ]
  [  -7.           -9.           -9.         -100.        ]
  [  -6.           -8.           -8.          -99.99999981]
  [  -5.           -7.           -7.         -100.        ]
  [  -4.           -6.           -6.         -100.        ]
  [  -3.           -5.           -5.         -100.        ]
  [  -2.           -4.           -4.         -100.        ]
  [  -2.           -3.           -3.           -1.        ]]

 [[ -21.          -21.99997364  -22.60118652  -21.        ]
  [ -20.          -21.99999688  -21.91991499  -20.        ]
  [ -19.          -20.99999088  -20.99518587  -19.        ]
  [ -18.          -19.99999895  -19.9996207   -18.        ]
  [ -17.          -19.          -18.99943553  -17.        ]
  [ -16.          -17.99999999  -17.99996882  -16.        ]
  [ -15.          -17.          -16.99997739  -15.        ]
  [ -14.          -15.99999997  -15.99995721  -14.        ]
  [ -13.          -15.          -14.99998951  -13.        ]
  [ -12.          -14.          -13.99993936  -12.        ]
  [ -11.          -12.99997607  -12.99999577  -11.        ]
  [ -10.          -11.99999867  -11.99999964  -10.        ]
  [  -9.          -10.99999653  -10.99999899   -9.        ]
  [  -8.          -10.           -9.99999995   -8.        ]
  [  -7.           -8.9999815    -8.9999991    -7.        ]
  [  -6.           -7.99975554   -7.99999596   -6.        ]
  [  -5.           -6.99999887   -6.99999717   -5.        ]
  [  -4.           -5.9999618    -5.99999519   -4.        ]
  [  -3.           -4.9975229    -4.99999936   -3.        ]
  [  -2.99999999   -3.99999981   -3.99999827   -2.        ]]

 [[ -21.83633286  -21.85124033  -21.88349721  -21.81816688]
  [ -20.97399472  -22.02579925  -21.25063748  -20.97916905]
  [ -19.99817881  -21.84008159  -20.51226092  -19.9972754 ]
  [ -18.99986436  -20.93835864  -19.43655377  -18.99983542]
  [ -17.99996511  -19.85509815  -18.55706157  -17.99994502]
  [ -16.99998949  -18.72780424  -17.74743874  -16.9999932 ]
  [ -15.99999557  -17.91060653  -16.80863317  -15.99999656]
  [ -14.99999701  -16.97899766  -15.44120373  -14.99999848]
  [ -13.99999853  -15.93351386  -14.93197228  -13.99999916]
  [ -12.99999942  -14.95489016  -14.26275806  -12.99999946]
  [ -11.9999998   -13.99928439  -13.66521015  -11.99999978]
  [ -10.99999993  -12.99382832  -12.69135248  -10.99999992]
  [  -9.99999998  -11.98661174  -11.71487546   -9.99999999]
  [  -8.99999999  -10.77728594  -10.85409348   -9.        ]
  [  -8.           -9.99910176   -9.95363613   -8.        ]
  [  -7.           -8.96224879   -8.82128727   -7.        ]
  [  -6.           -7.99916509   -7.93022446   -6.        ]
  [  -5.           -6.97281529   -6.96233027   -5.        ]
  [  -4.           -5.99693624   -5.86406565   -4.        ]
  [  -3.94158936   -4.96030983   -4.99341269   -3.        ]]

 [[ -21.30073782  -21.56345004  -21.79109312  -21.45366698]
  [ -20.4784864   -21.50693209  -99.97558594  -20.60354627]
  [ -19.58458821  -20.08992827  -99.99961853  -20.46006994]
  [ -18.92146821  -20.13471617  -99.95117188  -19.74118618]
  [ -18.22391916  -18.62112452  -99.99694824  -18.79653642]
  [ -17.4306492   -18.74397725  -99.99923706  -17.85977264]
  [ -16.54383288  -17.88902993  -99.99980927  -16.82525092]
  [ -15.69674749  -16.77392891  -99.99847412  -15.7860087 ]
  [ -14.79335565  -15.47174638  -99.99847412  -14.9267108 ]
  [ -13.85695017  -14.81574499  -99.99997616  -13.86271476]
  [ -12.89202223  -14.14159048  -99.99847412  -12.8971734 ]
  [ -11.91815511  -13.24503749  -99.97558594  -11.94746924]
  [ -10.94523003  -12.57558068  -99.95117188  -10.94495798]
  [  -9.96549816  -10.51287173  -99.90234375   -9.97669492]
  [  -8.97451275  -10.88173582  -99.21875      -8.98428333]
  [  -7.98387457   -9.80971438  -99.90234375   -7.99322029]
  [  -6.9910785    -8.53610013  -98.4375       -6.99258452]
  [  -5.99714946   -7.74455906  -99.21875      -5.9975052 ]
  [  -4.99897093   -6.92842999  -99.21875      -4.99921898]
  [  -4.25         -5.0975269    -5.14098369   -3.99999961]]

 [[ -99.98779297  -21.75845121  -21.61301211  -21.83404528]
  [   0.            0.            0.            0.        ]
  [   0.            0.            0.            0.        ]
  [   0.            0.            0.            0.        ]
  [   0.            0.            0.            0.        ]
  [   0.            0.            0.            0.        ]
  [   0.            0.            0.            0.        ]
  [   0.            0.            0.            0.        ]
  [   0.            0.            0.            0.        ]
  [   0.            0.            0.            0.        ]
  [   0.            0.            0.            0.        ]
  [   0.            0.            0.            0.        ]
  [   0.            0.            0.            0.        ]
  [   0.            0.            0.            0.        ]
  [   0.            0.            0.            0.        ]
  [   0.            0.            0.            0.        ]
  [   0.            0.            0.            0.        ]
  [   0.            0.            0.            0.        ]
  [   0.            0.            0.            0.        ]
  [  -4.875       -96.875        -5.0625       -4.86356617]]]
 
