[0.0, 0.0, 0.0]
[0.10000000000000001, 0.15707963267948966, 0.15643446504023087]
[0.20000000000000001, 0.31415926535897931, 0.3090169943749474]
[0.30000000000000004, 0.47123889803846897, 0.45399049973954675]
[0.40000000000000002, 0.62831853071795862, 0.58778525229247314]
[0.5, 0.78539816339744828, 0.70710678118654746]
[0.60000000000000009, 0.94247779607693793, 0.80901699437494745]
[0.70000000000000007, 1.0995574287564276, 0.89100652418836779]
[0.80000000000000004, 1.2566370614359172, 0.95105651629515353]
[0.90000000000000002, 1.4137166941154069, 0.98768834059513777]
[1.0, 1.5707963267948966, 1.0]
[1.1000000000000001, 1.7278759594743862, 0.98768834059513777]
[1.2000000000000002, 1.8849555921538759, 0.95105651629515364]
[1.3, 2.0420352248333655, 0.8910065241883679]
[1.4000000000000001, 2.1991148575128552, 0.80901699437494745]
[1.5, 2.3561944901923448, 0.70710678118654757]
[1.6000000000000001, 2.5132741228718345, 0.58778525229247325]
[1.7000000000000002, 2.6703537555513241, 0.45399049973954686]
[1.8, 2.8274333882308138, 0.30901699437494751]
[1.9000000000000001, 2.9845130209103035, 0.15643446504023098]
[2.0, 3.1415926535897931, 1.2246467991473532e-16]
[2.1000000000000001, 3.2986722862692828, -0.15643446504023073]
[2.2000000000000002, 3.4557519189487724, -0.30901699437494728]
[2.3000000000000003, 3.6128315516282621, -0.45399049973954669]
[2.4000000000000004, 3.7699111843077517, -0.58778525229247303]
[2.5, 3.9269908169872414, -0.70710678118654746]
[2.6000000000000001, 4.0840704496667311, -0.80901699437494734]
[2.7000000000000002, 4.2411500823462207, -0.89100652418836779]
[2.8000000000000003, 4.3982297150257104, -0.95105651629515353]
[2.9000000000000004, 4.5553093477052, -0.98768834059513766]
[3.0, 4.7123889803846897, -1.0]
[3.1000000000000001, 4.8694686130641793, -0.98768834059513777]
[3.2000000000000002, 5.026548245743669, -0.95105651629515364]
[3.3000000000000003, 5.1836278784231586, -0.8910065241883679]
[3.4000000000000004, 5.3407075111026483, -0.80901699437494756]
[3.5, 5.497787143782138, -0.70710678118654768]
[3.6000000000000001, 5.6548667764616276, -0.58778525229247336]
[3.7000000000000002, 5.8119464091411173, -0.45399049973954697]
[3.8000000000000003, 5.9690260418206069, -0.30901699437494762]
[3.9000000000000004, 6.1261056745000966, -0.15643446504023109]
[4.0, 6.2831853071795862, -2.4492935982947064e-16]
[4.1000000000000005, 6.4402649398590759, 0.15643446504023062]
[4.2000000000000002, 6.5973445725385655, 0.30901699437494717]
[4.2999999999999998, 6.7544242052180552, 0.45399049973954658]
[4.4000000000000004, 6.9115038378975449, 0.58778525229247292]
[4.5, 7.0685834705770345, 0.70710678118654735]
[4.6000000000000005, 7.2256631032565242, 0.80901699437494723]
[4.7000000000000002, 7.3827427359360138, 0.89100652418836768]
[4.8000000000000007, 7.5398223686155035, 0.95105651629515353]
[4.9000000000000004, 7.6969020012949931, 0.98768834059513766]
[5.0, 7.8539816339744828, 1.0]
[5.1000000000000005, 8.0110612666539716, 0.98768834059513788]
[5.2000000000000002, 8.1681408993334621, 0.95105651629515364]
[5.3000000000000007, 8.3252205320129526, 0.89100652418836757]
[5.4000000000000004, 8.4823001646924414, 0.80901699437494767]
[5.5, 8.6393797973719302, 0.70710678118654835]
[5.6000000000000005, 8.7964594300514207, 0.58778525229247336]
[5.7000000000000002, 8.9535390627309113, 0.4539904997395463]
[5.8000000000000007, 9.1106186954104, 0.30901699437494778]
[5.9000000000000004, 9.2676983280898888, 0.15643446504023209]
[6.0, 9.4247779607693793, 3.6739403974420594e-16]
[6.1000000000000005, 9.5818575934488699, -0.15643446504023137]
[6.2000000000000002, 9.7389372261283587, -0.30901699437494706]
[6.3000000000000007, 9.8960168588078474, -0.45399049973954564]
[6.4000000000000004, 10.053096491487338, -0.5877852522924728]
[6.5, 10.210176124166829, -0.70710678118654791]
[6.6000000000000005, 10.367255756846317, -0.80901699437494723]
[6.7000000000000002, 10.524335389525806, -0.89100652418836723]
[6.8000000000000007, 10.681415022205297, -0.95105651629515342]
[6.9000000000000004, 10.838494654884787, -0.98768834059513777]
[7.0, 10.995574287564276, -1.0]
[7.1000000000000005, 11.152653920243765, -0.98768834059513788]
[7.2000000000000002, 11.309733552923255, -0.95105651629515375]
[7.3000000000000007, 11.466813185602746, -0.89100652418836768]
[7.4000000000000004, 11.623892818282235, -0.80901699437494767]
[7.5, 11.780972450961723, -0.70710678118654846]
[7.6000000000000005, 11.938052083641214, -0.58778525229247347]
[7.7000000000000002, 12.095131716320704, -0.45399049973954642]
[7.8000000000000007, 12.252211349000193, -0.3090169943749479]
[7.9000000000000004, 12.409290981679682, -0.15643446504023223]
[8.0, 12.566370614359172, -4.8985871965894128e-16]
[8.0999999999999996, 12.723450247038663, 0.15643446504023126]
[8.2000000000000011, 12.880529879718152, 0.30901699437494695]
[8.3000000000000007, 13.037609512397641, 0.45399049973954553]
[8.4000000000000004, 13.194689145077131, 0.58778525229247269]
[8.5, 13.351768777756622, 0.70710678118654779]
[8.5999999999999996, 13.50884841043611, 0.80901699437494712]
[8.7000000000000011, 13.665928043115599, 0.89100652418836723]
[8.8000000000000007, 13.82300767579509, 0.95105651629515342]
[8.9000000000000004, 13.98008730847458, 0.98768834059513777]
[9.0, 14.137166941154069, 1.0]
[9.0999999999999996, 14.294246573833558, 0.98768834059513799]
[9.2000000000000011, 14.451326206513048, 0.95105651629515375]
[9.3000000000000007, 14.608405839192539, 0.89100652418836768]
[9.4000000000000004, 14.765485471872028, 0.80901699437494778]
[9.5, 14.922565104551516, 0.70710678118654857]
[9.6000000000000014, 15.079644737231007, 0.58778525229247358]
[9.7000000000000011, 15.236724369910498, 0.45399049973954653]
[9.8000000000000007, 15.393804002589986, 0.30901699437494801]
[9.9000000000000004, 15.550883635269475, 0.15643446504023234]
[10.0, 15.707963267948966, 6.1232339957367663e-16]
[10.100000000000001, 15.865042900628456, -0.15643446504023115]
[10.200000000000001, 16.022122533307943, -0.30901699437494512]
[10.300000000000001, 16.179202165987434, -0.45399049973954542]
[10.4, 16.336281798666924, -0.58778525229247258]
[10.5, 16.493361431346415, -0.70710678118654768]
[10.600000000000001, 16.650441064025905, -0.80901699437494812]
[10.700000000000001, 16.807520696705392, -0.89100652418836712]
[10.800000000000001, 16.964600329384883, -0.95105651629515342]
[10.9, 17.121679962064373, -0.98768834059513777]
[11.0, 17.27875959474386, -1.0]
[11.100000000000001, 17.435839227423351, -0.98768834059513799]
[11.200000000000001, 17.592918860102841, -0.95105651629515375]
[11.300000000000001, 17.749998492782332, -0.89100652418836779]
[11.4, 17.907078125461823, -0.80901699437494679]
[11.5, 18.06415775814131, -0.70710678118654868]
[11.600000000000001, 18.2212373908208, -0.58778525229247369]
[11.700000000000001, 18.378317023500291, -0.45399049973954664]
[11.800000000000001, 18.535396656179778, -0.30901699437494978]
[11.9, 18.692476288859268, -0.15643446504023248]
